Warp	 	1	1	1	1	1	1	1	22	10	22	10	22	10	22	10	0	0	0	17954	0	1	0	0|11012|7|23|15|0|0|0|0|0|0|0|0|201|
Warp	 	1	1	1	1	1	0	11012	7	23	7	23	7	23	7	23	0	0	0	0	0	1	0	1|1|22|10|15|0|0|0|0|0|0|0|0|215|
StandEnemy	液态史来姆	1	1	1	1	1	1	1	29	16	29	16	29	16	29	16	1	1000	6	101501	0	1	0	3|||0|6001||||1|9004|
Warp	 	1	1	1	1	1	1	1	21	8	21	8	21	8	21	8	0	0	0	17955	0	1	0	1|2|11|15|15|0|0|0|0|0|0|0|0|0|
Warp	 	1	1	1	1	1	1	2	11	15	11	15	11	15	11	15	0	0	0	17954	0	1	0	1|1|21|8|15|0|0|0|0|0|0|0|0|0|
StandEnemy	液态史来姆	1	1	1	1	1	1	2	11	25	11	25	11	25	11	25	1	1000	0	101501	0	1	0	3|||0|6001||||1|9003|
StandEnemy	液态史来姆	1	1	1	1	1	1	2	10	15	10	15	10	15	10	15	1	1000	6	101501	0	1	0	3|||0|6001||||1|9004|
Warp	 	1	1	1	1	1	1	2	13	28	13	28	13	28	13	28	0	0	0	103012	0	1	0	0|11012|7|23|15|0|0|0|0|0|0|0|0|201|
Warp	 	1	1	1	1	1	0	11012	7	23	7	23	7	23	7	23	0	0	0	0	0	1	0	1|2|13|28|15|0|0|0|0|0|0|0|0|215|
Warp	 	1	2	2	1	1	1	3	35	67	35	67	35	67	35	67	0	0	0	103012	0	1	0	0|11017|16|10|15|0|0|0|0|0|0|0|0|210|
Warp	 	1	2	2	1	1	0	11017	16	10	16	10	16	10	16	10	0	0	0	103012	0	1	0	1|3|35|67|15|0|0|0|0|0|0|0|0|214|
Warp	 	1	2	2	1	1	1	3	13	54	13	54	13	54	13	54	0	0	0	13996	0	1	0	1|4|30|37|15|0|0|0|0|0|0|0|0|0|
Warp	 	1	2	2	1	1	1	4	30	37	30	37	30	37	30	37	0	0	0	13997	0	1	0	1|3|13|54|15|0|0|0|0|0|0|0|0|0|
Warp	 	1	2	2	1	1	1	4	47	10	47	10	47	10	47	10	0	0	0	13996	0	1	0	1|5|38|13|15|0|0|0|0|0|0|0|0|0|
Warp	 	1	2	2	1	1	1	5	38	13	38	13	38	13	38	13	0	0	0	13997	0	1	0	1|4|47|10|15|0|0|0|0|0|0|0|0|0|
Warp	 	1	2	2	1	1	1	5	9	5	9	5	9	5	9	5	0	0	0	13996	0	1	0	1|6|48|6|15|0|0|0|0|0|0|0|0|0|
Warp	 	1	2	2	1	1	1	6	48	6	48	6	48	6	48	6	0	0	0	13997	0	1	0	1|5|9|5|15|0|0|0|0|0|0|0|0|0|
Event	冒险者芝娜	1	2	2	1	1	1	6	69	34	69	34	69	34	69	34	1	1000	6	14011	0	1	0	EV_ijk_mino004.txt
Warp	 	1	2	2	1	1	1	6	69	36	69	36	69	36	69	36	0	0	0	13996	0	1	0	1|7|10|34|15|0|0|0|0|0|0|0|0|0|
Warp	 	1	2	2	1	1	1	7	10	34	10	34	10	34	10	34	0	0	0	13997	0	1	0	1|6|69|36|15|0|0|0|0|0|0|0|0|0|
Event	冒险者萨达米兹	1	2	2	1	1	1	7	33	34	33	34	33	34	33	34	1	1000	2	14103	0	1	0	EV_ijk_mino005.txt
Warp	 	1	2	2	1	1	1	7	34	10	34	10	34	10	34	10	0	0	0	13996	0	1	0	1|8|62|47|15|0|0|0|0|0|0|0|0|0|
Warp	 	1	2	2	1	1	1	8	62	47	62	47	62	47	62	47	0	0	0	13997	0	1	0	1|7|34|10|15|0|0|0|0|0|0|0|0|0|
Event	冒险者康正	1	2	2	1	1	1	8	58	47	58	47	58	47	58	47	1	1000	4	14116	0	1	0	EV_ijk_mino002.txt
Warp	 	1	2	2	1	1	1	8	18	12	18	12	18	12	18	12	0	0	0	13996	0	1	0	1|9|19|38|15|0|0|0|0|0|0|0|0|0|
Warp	 	1	2	2	1	1	1	9	19	38	19	38	19	38	19	38	0	0	0	13997	0	1	0	1|8|18|12|15|0|0|0|0|0|0|0|0|0|
StandEnemy	小鬼	1	2	2	1	1	1	9	20	35	20	35	20	35	20	35	1	60000	6	101800	0	1	0	3|||0|6004||||1|9009|5|1|||||||
Warp	 	1	2	2	1	1	1	9	14	13	14	13	14	13	14	13	0	0	0	13996	0	1	0	1|10|37|40|15|0|0|0|0|0|0|0|0|0|
Warp	 	1	2	2	1	1	1	10	37	40	37	40	37	40	37	40	0	0	0	13997	0	1	0	1|9|14|13|15|0|0|0|0|0|0|0|0|0|
Warp	 	1	2	2	1	1	1	10	75	44	75	44	75	44	75	44	0	0	0	13996	0	1	0	1|11|20|9|15|0|0|0|0|0|0|0|0|0|
Warp	 	1	2	2	1	1	1	11	20	9	20	9	20	9	20	9	0	0	0	13997	0	1	0	1|10|75|44|15|0|0|0|0|0|0|0|0|0|
Warp	 	1	2	2	1	1	1	11	17	14	17	14	17	14	17	14	0	0	0	13996	0	1	0	1|12|23|9|15|0|0|0|0|0|0|0|0|0|
Warp	 	1	2	2	1	1	1	12	23	9	23	9	23	9	23	9	0	0	0	13997	0	1	0	1|11|17|14|15|0|0|0|0|0|0|0|0|0|
StandEnemy	小鬼	1	2	2	1	1	1	12	29	31	29	31	29	31	29	31	1	60000	5	101800	0	1	0	3|||0|6004||||1|9010|5|1|||||||
Warp	 	1	2	2	1	1	1	12	29	28	29	28	29	28	29	28	0	0	0	13996	0	1	0	1|13|14|29|15|0|0|0|0|0|0|0|0|0|
Warp	 	1	2	2	1	1	1	13	14	29	14	29	14	29	14	29	0	0	0	13997	0	1	0	1|12|29|28|15|0|0|0|0|0|0|0|0|0|
StandEnemy	小鬼	1	2	2	1	1	1	13	71	11	71	11	71	11	71	11	1	60000	1	101800	0	1	0	3|||0|6003||||1|9009|5|1|||||||
Warp	 	1	2	2	1	1	1	13	59	35	59	35	59	35	59	35	0	0	0	13996	0	1	0	1|14|48|32|15|0|0|0|0|0|0|0|0|0|
Warp	 	1	2	2	1	1	1	14	48	32	48	32	48	32	48	32	0	0	0	13997	0	1	0	1|13|59|35|15|0|0|0|0|0|0|0|0|0|
Warp	 	1	2	2	1	1	1	14	48	39	48	39	48	39	48	39	0	0	0	13996	0	1	0	1|15|82|22|15|0|0|0|0|0|0|0|0|0|
Warp	 	1	2	2	1	1	1	15	82	22	82	22	82	22	82	22	0	0	0	13997	0	1	0	1|14|48|39|15|0|0|0|0|0|0|0|0|0|
Warp	 	1	2	2	1	1	1	15	20	11	20	11	20	11	20	11	0	0	0	13996	0	1	0	1|16|25|23|15|0|0|0|0|0|0|0|0|0|
Warp	 	1	2	2	1	1	1	16	25	23	25	23	25	23	25	23	0	0	0	13997	0	1	0	1|15|20|11|15|0|0|0|0|0|0|0|0|0|
StandEnemy	小鬼	1	2	2	1	1	1	16	9	8	9	8	9	8	9	8	1	60000	0	101800	0	1	0	3|||0|6003||||1|9009|5|1|||||||
Warp	 	1	2	2	1	1	1	16	41	24	41	24	41	24	41	24	0	0	0	13996	0	1	0	1|17|42|48|15|0|0|0|0|0|0|0|0|0|
Warp	 	1	2	2	1	1	1	17	42	48	42	48	42	48	42	48	0	0	0	13997	0	1	0	1|16|41|24|15|0|0|0|0|0|0|0|0|0|
Warp	 	1	2	2	1	1	1	17	18	60	18	60	18	60	18	60	0	0	0	13996	0	1	0	1|18|86|48|15|0|0|0|0|0|0|0|0|0|
Warp	 	1	2	2	1	1	1	18	86	48	86	48	86	48	86	48	0	0	0	13997	0	1	0	1|17|18|60|15|0|0|0|0|0|0|0|0|0|
Event	冒险者金德其	1	2	2	1	1	1	18	51	69	51	69	51	69	51	69	1	1000	1	14102	0	1	0	EV_ijk_mino003.txt
Warp	 	1	2	2	1	1	1	18	88	28	88	28	88	28	88	28	0	0	0	13996	0	1	0	0|11019|26|38|15|0|0|0|0|0|0|0|0|210|
Warp	 	1	2	2	1	1	0	11019	26	38	26	38	26	38	26	38	0	0	0	13997	0	1	0	1|18|88|28|15|0|0|0|0|0|0|0|0|214|
Warp	 	1	3	3	1	1	1	19	13	9	13	9	13	9	13	9	0	0	0	103012	0	1	0	0|1538|15|18|15|0|0|0|0|0|0|0|0|200|
Warp	 	1	3	3	1	1	0	1538	15	18	15	18	15	18	15	18	0	0	0	103012	0	1	0	1|19|13|9|15|0|0|0|0|0|0|0|0|214|
Warp	 	1	3	3	1	1	1	19	18	24	18	24	18	24	18	24	0	0	0	12002	0	1	0	1|20|52|22|15|0|0|0|0|0|0|0|0|0|
Warp	 	1	3	3	1	1	1	20	52	22	52	22	52	22	52	22	0	0	0	12000	0	1	0	1|19|18|24|15|0|0|0|0|0|0|0|0|0|
Warp	 	1	3	3	1	1	1	20	32	35	32	35	32	35	32	35	0	0	0	12002	0	1	0	1|21|33|28|15|0|0|0|0|0|0|0|0|0|
Warp	 	1	3	3	1	1	1	21	33	28	33	28	33	28	33	28	0	0	0	12000	0	1	0	1|20|32|35|15|0|0|0|0|0|0|0|0|0|
TownPeople	调查员445	1	3	3	1	1	1	21	36	28	36	28	36	28	36	28	1	60000	1	14061	0	1	0	2093|2094|2095
Warp	 	1	3	3	1	1	1	21	13	37	13	37	13	37	13	37	0	0	0	12002	0	1	0	1|22|41|20|15|0|0|0|0|0|0|0|0|0|
Warp	 	1	3	3	1	1	1	22	41	20	41	20	41	20	41	20	0	0	0	12000	0	1	0	1|21|13|37|15|0|0|0|0|0|0|0|0|0|
Warp	 	1	3	3	1	1	1	22	13	11	13	11	13	11	13	11	0	0	0	12002	0	1	0	1|23|13|12|15|0|0|0|0|0|0|0|0|0|
Warp	 	1	3	3	1	1	1	23	13	12	13	12	13	12	13	12	0	0	0	12000	0	1	0	1|22|13|11|15|0|0|0|0|0|0|0|0|0|
Warp	 	1	3	3	1	1	1	23	9	28	9	28	9	28	9	28	0	0	0	12002	0	1	0	1|24|13|17|15|0|0|0|0|0|0|0|0|0|
Warp	 	1	3	3	1	1	1	24	13	17	13	17	13	17	13	17	0	0	0	12000	0	1	0	1|23|9|28|15|0|0|0|0|0|0|0|0|0|
Warp	 	1	3	3	1	1	1	24	30	19	30	19	30	19	30	19	0	0	0	12002	0	1	0	1|25|26|17|15|0|0|0|0|0|0|0|0|0|
Warp	 	1	3	3	1	1	1	25	26	17	26	17	26	17	26	17	0	0	0	12000	0	1	0	1|24|30|19|15|0|0|0|0|0|0|0|0|0|
Event	士兵依里诺	1	3	3	1	1	1	25	10	28	10	28	10	28	10	28	1	60000	7	14059	0	1	0	EVE_6004.txt
Event	士兵毕安札	1	3	3	1	1	1	25	34	25	34	25	34	25	34	25	1	60000	0	14060	0	1	0	EVE_6006.txt
Warp	 	1	3	3	1	1	1	25	30	9	30	9	30	9	30	9	0	0	0	12002	0	1	0	1|26|16|15|15|0|0|0|0|0|0|0|0|0|
Warp	 	1	3	3	1	1	1	26	16	15	16	15	16	15	16	15	0	0	0	12000	0	1	0	1|25|30|9|15|0|0|0|0|0|0|0|0|0|
Event	士兵拉柏	1	3	3	1	1	1	26	35	26	35	26	35	26	35	26	1	60000	1	14059	0	1	0	EVE_6005.txt
TownPeople	调查员612	1	3	3	1	1	1	26	19	16	19	16	19	16	19	16	1	60000	5	14062	0	1	0	2090|2091|2092
Warp	 	1	3	3	1	1	1	26	35	22	35	22	35	22	35	22	0	0	0	12002	0	1	0	1|27|41|46|15|0|0|0|0|0|0|0|0|0|
Warp	 	1	3	3	1	1	1	27	41	46	41	46	41	46	41	46	0	0	0	12000	0	1	0	1|26|35|22|15|0|0|0|0|0|0|0|0|0|
Pilot	炼荤盔421	1	3	3	1	1	1	27	41	11	41	11	41	11	41	11	1	60000	4	14059	0	1	0	8024|8025|8026|15202|17600
BossBox	宝箱	1	3	3	1	1	1	28	5	5	5	5	5	5	5	5	1	60000	0	27899	0	1	0	2|0,1538,15,18|200|
Warp	 	1	3	3	1	1	1	29	10	19	10	19	10	19	10	19	0	0	0	12000	0	1	0	1|27|13|38|15|0|0|0|0|0|0|0|0|0|
Warp	 	1	3	3	1	1	1	27	13	38	13	38	13	38	13	38	0	0	0	12002	0	1	0	1|29|10|19|15|0|0|0|0|0|0|0|0|0|
StandEnemy	阴影	1	3	3	1	1	1	29	9	5	9	5	9	5	9	5	1	60000	4	101533	0	1	0	3|||0||6020|||0|9012|||||||||1,28,2,5|1|0|0,0|0|
Warp	 	1	3	3	1	1	1	29	12	7	12	7	12	7	12	7	0	0	0	103011	0	1	0	1|29|10|15|15|0|0|0|0|0|0|0|0|0|
Warp	 	1	3	3	1	1	1	29	10	15	10	15	10	15	10	15	0	0	0	103011	0	1	0	1|29|12|7|15|17600|1|1|0|0|0|0|0|0|
Warp	 	1	5	5	1	1	1	34	15	54	15	54	15	54	15	54	0	0	0	13271	0	1	0	1|35|15|17|15|0|0|0|0|0|0|0|0|0|
Warp	 	1	5	5	1	1	1	35	15	17	15	17	15	17	15	17	0	0	0	13270	0	1	0	1|34|15|54|15|0|0|0|0|0|0|0|0|0|
StandEnemy	改造的腐尸	1	5	5	1	1	1	35	43	65	43	65	43	65	43	65	1	60000	1	101103	0	1	0	3|||0|6000||||1|9028|
StandEnemy	改造的腐尸	1	5	5	1	1	1	35	27	67	27	67	27	67	27	67	1	60000	4	101103	0	1	0	3|||0|6000||||1|9029|
StandEnemy	改造的腐尸	1	5	5	1	1	1	35	49	71	49	71	49	71	49	71	1	60000	1	101103	0	1	0	3|||0|6000||||1|9031|
Warp	 	1	5	5	1	1	1	35	25	54	25	54	25	54	25	54	0	0	0	13271	0	1	0	1|30|59|21|15|0|0|0|0|0|0|0|0|0|
Warp	 	1	5	5	1	1	1	30	59	21	59	21	59	21	59	21	0	0	0	13270	0	1	0	1|35|25|54|15|0|0|0|0|0|0|0|0|0|
StandEnemy	改造的腐尸	1	5	5	1	1	1	30	22	40	22	40	22	40	22	40	1	60000	0	101103	0	1	0	3|||0|6000||||1|9031|
StandEnemy	改造的腐尸	1	5	5	1	1	1	30	23	7	23	7	23	7	23	7	1	60000	3	101103	0	1	0	3|||0|6000||||1|9031|
Warp	 	1	5	5	1	1	1	30	24	34	24	34	24	34	24	34	0	0	0	13271	0	1	0	1|31|9|14|15|0|0|0|0|0|0|0|0|0|
Warp	 	1	5	5	1	1	1	31	9	14	9	14	9	14	9	14	0	0	0	13270	0	1	0	1|30|24|34|15|0|0|0|0|0|0|0|0|0|
Warp	 	1	5	5	1	1	1	31	52	15	52	15	52	15	52	15	0	0	0	13271	0	1	0	1|32|32|54|15|0|0|0|0|0|0|0|0|0|
Warp	 	1	5	5	1	1	1	32	32	54	32	54	32	54	32	54	0	0	0	13270	0	1	0	1|31|52|15|15|0|0|0|0|0|0|0|0|0|
StandEnemy	改造的腐尸	1	5	5	1	1	1	32	28	30	28	30	28	30	28	30	1	60000	4	101103	0	1	0	3|||0|6000||||1|9031|
StandEnemy	改造的腐尸	1	5	5	1	1	1	32	43	19	43	19	43	19	43	19	1	60000	4	101103	0	1	0	3|||0|6000||||1|9031|
Warp	 	1	5	5	1	1	1	32	16	43	16	43	16	43	16	43	0	0	0	13271	0	1	0	1|33|33|20|15|0|0|0|0|0|0|0|0|0|
Warp	 	1	5	5	1	1	1	33	33	20	33	20	33	20	33	20	0	0	0	13270	0	1	0	1|32|16|43|15|0|0|0|0|0|0|0|0|0|
Warp	 	1	5	5	1	1	1	34	21	75	21	75	21	75	21	75	0	0	0	103012	0	1	0	0|15502|10|6|15|0|0|0|0|0|0|0|0|203|
Warp	 	1	5	5	1	1	0	15502	10	6	10	6	10	6	10	6	0	0	0	13271	0	1	0	1|34|21|75|15|0|0|0|0|0|0|0|0|215|
Warp	 	1	5	5	1	1	1	33	70	40	70	40	70	40	70	40	0	0	0	13271	0	1	0	1|36|73|10|15|0|0|0|0|0|0|0|0|0|
Warp	 	1	5	5	1	1	1	36	73	10	73	10	73	10	73	10	0	0	0	13270	0	1	0	1|33|70|40|15|0|0|0|0|0|0|0|0|0|
StandEnemy	改造的腐尸	1	5	5	1	1	1	36	33	15	33	15	33	15	33	15	1	60000	7	101103	0	1	0	3|||0|6000||||1|9030|
Warp	 	1	5	5	1	1	1	36	32	17	32	17	32	17	32	17	0	0	0	103012	0	1	0	0|15503|6|44|15|0|0|0|0|0|0|0|0|203|
Warp	 	1	5	5	1	1	0	15503	6	44	6	44	6	44	6	44	0	0	0	13274	0	1	0	1|36|32|17|15|0|0|0|0|0|0|0|0|215|
Warp	 	1	7	6	1	1	1	37	8	19	8	19	8	19	8	19	0	0	0	103012	0	1	0	0|1405|58|69|15|0|0|0|0|0|0|0|0|201|
Warp	 	1	7	6	1	1	0	1405	58	69	58	69	58	69	58	69	0	0	0	103012	0	1	0	1|37|8|19|15|0|0|0|0|0|0|0|0|214|
Warp	 	1	7	6	1	1	1	37	16	15	16	15	16	15	16	15	0	0	0	103012	0	1	0	0|1405|55|25|15|0|0|0|0|0|0|0|0|201|
Warp	 	1	7	6	1	1	0	1405	55	25	55	25	55	25	55	25	0	0	0	103012	0	1	0	1|37|16|15|15|0|0|0|0|0|0|0|0|214|
Warp	 	1	8	7	1	1	1	38	19	31	19	31	19	31	19	31	0	0	0	103012	0	1	0	0|100|661|284|15|0|0|0|0|0|0|0|0|210|
Warp	 	1	8	7	1	1	0	100	661	284	661	284	661	284	661	284	0	0	0	103012	0	1	0	1|38|19|31|15|0|0|0|0|0|0|0|0|213|
Warp	 	1	8	7	1	1	1	38	38	24	38	24	38	24	38	24	0	0	0	17977	0	1	0	1|39|10|14|15|0|0|0|0|0|0|0|0|0|
Warp	 	1	8	7	1	1	1	39	10	14	10	14	10	14	10	14	0	0	0	17976	0	1	0	1|38|38|24|15|0|0|0|0|0|0|0|0|0|
Warp	 	1	8	7	1	1	1	39	35	14	35	14	35	14	35	14	0	0	0	17977	0	1	0	1|40|36|33|15|0|0|0|0|0|0|0|0|0|
Warp	 	1	8	7	1	1	1	40	36	33	36	33	36	33	36	33	0	0	0	17976	0	1	0	1|39|35|14|15|0|0|0|0|0|0|0|0|0|
Warp	 	1	8	7	1	1	1	40	40	10	40	10	40	10	40	10	0	0	0	17977	0	1	0	1|41|15|24|15|0|0|0|0|0|0|0|0|0|
Warp	 	1	8	7	1	1	1	41	15	24	15	24	15	24	15	24	0	0	0	17976	0	1	0	1|40|40|10|15|0|0|0|0|0|0|0|0|0|
Warp	 	1	8	7	1	1	1	41	36	18	36	18	36	18	36	18	0	0	0	17977	0	1	0	1|42|25|24|15|0|0|0|0|0|0|0|0|0|
Warp	 	1	8	7	1	1	1	42	25	24	25	24	25	24	25	24	0	0	0	17976	0	1	0	1|41|36|18|15|0|0|0|0|0|0|0|0|0|
Warp	 	1	8	7	1	1	1	42	28	19	28	19	28	19	28	19	0	0	0	17977	0	1	0	1|43|23|29|15|0|0|0|0|0|0|0|0|0|
Warp	 	1	8	7	1	1	1	43	23	29	23	29	23	29	23	29	0	0	0	17976	0	1	0	1|42|28|19|15|0|0|0|0|0|0|0|0|0|
Warp	 	1	8	7	1	1	1	43	31	9	31	9	31	9	31	9	0	0	0	17977	0	1	0	1|44|45|42|15|0|0|0|0|0|0|0|0|0|
Warp	 	1	8	7	1	1	1	44	45	42	45	42	45	42	45	42	0	0	0	17976	0	1	0	1|43|31|9|15|0|0|0|0|0|0|0|0|0|
Warp	 	1	8	7	1	1	1	44	15	30	15	30	15	30	15	30	0	0	0	17977	0	1	0	1|45|25|38|15|0|0|0|0|0|0|0|0|0|
Warp	 	1	8	7	1	1	1	45	25	38	25	38	25	38	25	38	0	0	0	17976	0	1	0	1|44|15|30|15|0|0|0|0|0|0|0|0|0|
Event	旅行商人巴斯鲁	1	8	7	1	1	1	45	27	43	27	43	27	43	27	43	1	60000	6	14016	0	1	0	EV_ijk_6176.txt
TownPeople	咯青惑牢 努府畴赴	1	8	7	1	1	1	45	27	22	27	22	27	22	27	22	1	60000	1	14001	0	1	0	2348|2349
Warp	 	1	8	7	1	1	1	45	33	20	33	20	33	20	33	20	0	0	0	17977	0	1	0	1|46|25|31|15|0|0|0|0|0|0|0|0|0|
Warp	 	1	8	7	1	1	1	46	25	31	25	31	25	31	25	31	0	0	0	17976	0	1	0	1|45|33|20|15|0|0|0|0|0|0|0|0|0|
Warp	 	1	8	7	1	1	1	46	41	27	41	27	41	27	41	27	0	0	0	17977	0	1	0	1|47|21|21|15|0|0|0|0|0|0|0|0|0|
Warp	 	1	8	7	1	1	1	47	21	21	21	21	21	21	21	21	0	0	0	17976	0	1	0	1|46|41|27|15|0|0|0|0|0|0|0|0|0|
Warp	 	1	8	7	1	1	1	47	13	35	13	35	13	35	13	35	0	0	0	17977	0	1	0	0|15521|10|19|15|0|0|0|0|0|0|0|0|210|
Warp	 	1	8	7	1	1	0	15521	10	19	10	19	10	19	10	19	0	0	0	17976	0	1	0	1|47|13|35|15|0|0|0|0|0|0|0|0|213|
Warp	 	1	10	9	1	1	1	67	20	32	20	32	20	32	20	32	0	0	0	17967	0	1	0	1|68|36|19|15|0|0|0|0|0|0|0|0|0|
Warp	 	1	10	9	1	1	1	68	36	19	36	19	36	19	36	19	0	0	0	17966	0	1	0	1|67|20|32|15|0|0|0|0|0|0|0|0|0|
Warp	 	1	10	9	1	1	1	68	18	29	18	29	18	29	18	29	0	0	0	17967	0	1	0	1|48|39|10|15|0|0|0|0|0|0|0|0|0|
Warp	 	1	10	9	1	1	1	48	39	10	39	10	39	10	39	10	0	0	0	17966	0	1	0	1|68|18|29|15|0|0|0|0|0|0|0|0|0|
Warp	 	1	10	9	1	1	1	48	44	31	44	31	44	31	44	31	0	0	0	17967	0	1	0	1|49|38|27|15|0|0|0|0|0|0|0|0|0|
Warp	 	1	10	9	1	1	1	49	38	27	38	27	38	27	38	27	0	0	0	17966	0	1	0	1|48|44|31|15|0|0|0|0|0|0|0|0|0|
Warp	 	1	10	9	1	1	1	49	21	12	21	12	21	12	21	12	0	0	0	17967	0	1	0	1|50|29|15|15|0|0|0|0|0|0|0|0|0|
Warp	 	1	10	9	1	1	1	50	29	15	29	15	29	15	29	15	0	0	0	17966	0	1	0	1|49|21|12|15|0|0|0|0|0|0|0|0|0|
Warp	 	1	10	9	1	1	1	50	8	22	8	22	8	22	8	22	0	0	0	17967	0	1	0	1|51|33|21|15|0|0|0|0|0|0|0|0|0|
Warp	 	1	10	9	1	1	1	51	33	21	33	21	33	21	33	21	0	0	0	17966	0	1	0	1|50|8|22|15|0|0|0|0|0|0|0|0|0|
Warp	 	1	10	9	1	1	1	51	21	40	21	40	21	40	21	40	0	0	0	17967	0	1	0	1|52|31|42|15|0|0|0|0|0|0|0|0|0|
Warp	 	1	10	9	1	1	1	52	31	42	31	42	31	42	31	42	0	0	0	17966	0	1	0	1|51|21|40|15|0|0|0|0|0|0|0|0|0|
Warp	 	1	10	9	1	1	1	52	30	14	30	14	30	14	30	14	0	0	0	17967	0	1	0	1|53|34|11|15|0|0|0|0|0|0|0|0|0|
Warp	 	1	10	9	1	1	1	53	34	11	34	11	34	11	34	11	0	0	0	17966	0	1	0	1|52|30|14|15|0|0|0|0|0|0|0|0|0|
Warp	 	1	10	9	1	1	1	53	17	23	17	23	17	23	17	23	0	0	0	103012	0	1	0	0|15544|22|48|15|0|0|0|0|0|0|0|0|0|
Warp	 	1	10	9	1	1	0	15544	22	48	22	48	22	48	22	48	0	0	0	103012	0	1	0	1|53|17|23|15|0|0|0|0|0|0|0|0|215|
Warp	 	1	11	10	1	1	1	54	9	34	9	34	9	34	9	34	0	0	0	103012	0	1	0	0|15543|13|12|15|0|0|0|0|0|0|0|0|0|
Warp	 	1	11	10	1	1	0	15543	13	12	13	12	13	12	13	12	0	0	0	103012	0	1	0	1|54|9|34|15|0|0|0|0|0|0|0|0|215|
Warp	 	1	11	10	1	1	1	54	34	34	34	34	34	34	34	34	0	0	0	17967	0	1	0	1|55|44|21|15|0|0|0|0|0|0|0|0|0|
Warp	 	1	11	10	1	1	1	55	44	21	44	21	44	21	44	21	0	0	0	17966	0	1	0	1|54|34|34|15|0|0|0|0|0|0|0|0|0|
Warp	 	1	11	10	1	1	1	55	20	17	20	17	20	17	20	17	0	0	0	17967	0	1	0	1|56|15|36|15|0|0|0|0|0|0|0|0|0|
Warp	 	1	11	10	1	1	1	56	15	36	15	36	15	36	15	36	0	0	0	17966	0	1	0	1|55|20|17|15|0|0|0|0|0|0|0|0|0|
Warp	 	1	11	10	1	1	1	56	36	33	36	33	36	33	36	33	0	0	0	17967	0	1	0	1|57|10|40|15|0|0|0|0|0|0|0|0|0|
Warp	 	1	11	10	1	1	1	57	10	40	10	40	10	40	10	40	0	0	0	17966	0	1	0	1|56|36|33|15|0|0|0|0|0|0|0|0|0|
Warp	 	1	11	10	1	1	1	57	36	32	36	32	36	32	36	32	0	0	0	17967	0	1	0	1|58|48|9|15|0|0|0|0|0|0|0|0|0|
Warp	 	1	11	10	1	1	1	58	48	9	48	9	48	9	48	9	0	0	0	17966	0	1	0	1|57|36|32|15|0|0|0|0|0|0|0|0|0|
Warp	 	1	11	10	1	1	1	58	15	24	15	24	15	24	15	24	0	0	0	17967	0	1	0	1|59|14|45|15|0|0|0|0|0|0|0|0|0|
Warp	 	1	11	10	1	1	1	59	14	45	14	45	14	45	14	45	0	0	0	17966	0	1	0	1|58|15|24|15|0|0|0|0|0|0|0|0|0|
Warp	 	1	11	10	1	1	1	59	20	21	20	21	20	21	20	21	0	0	0	17967	0	1	0	1|60|33|25|15|0|0|0|0|0|0|0|0|0|
Warp	 	1	11	10	1	1	1	60	33	25	33	25	33	25	33	25	0	0	0	17966	0	1	0	1|59|20|21|15|0|0|0|0|0|0|0|0|0|
Warp	 	1	11	10	1	1	1	60	11	25	11	25	11	25	11	25	0	0	0	17967	0	1	0	1|61|48|39|15|0|0|0|0|0|0|0|0|0|
Warp	 	1	11	10	1	1	1	61	48	39	48	39	48	39	48	39	0	0	0	17966	0	1	0	1|60|11|25|15|0|0|0|0|0|0|0|0|0|
Warp	 	1	11	10	1	1	1	61	43	23	43	23	43	23	43	23	0	0	0	17967	0	1	0	1|62|9|42|15|0|0|0|0|0|0|0|0|0|
Warp	 	1	11	10	1	1	1	62	9	42	9	42	9	42	9	42	0	0	0	17966	0	1	0	1|61|43|23|15|0|0|0|0|0|0|0|0|0|
Warp	 	1	11	10	1	1	1	62	34	34	34	34	34	34	34	34	0	0	0	103012	0	1	0	0|15546|22|48|15|0|0|0|0|0|0|0|0|0|
Warp	 	1	11	10	1	1	0	15546	22	48	22	48	22	48	22	48	0	0	0	103012	0	1	0	1|62|34|34|15|0|0|0|0|0|0|0|0|215|
Warp	 	1	12	11	1	1	1	63	15	13	15	13	15	13	15	13	0	0	0	103012	0	1	0	0|15543|9|10|15|0|0|0|0|0|0|0|0|0|
Warp	 	1	12	11	1	1	0	15543	9	10	9	10	9	10	9	10	0	0	0	103012	0	1	0	1|63|15|13|15|0|0|0|0|0|0|0|0|215|
Warp	 	1	10	9	1	1	1	66	33	10	33	10	33	10	33	10	0	0	0	103012	0	1	0	0|15543|10|10|15|0|0|0|0|0|0|0|0|0|
Warp	 	1	10	9	1	1	0	15543	10	10	10	10	10	10	10	10	0	0	0	103012	0	1	0	1|66|33|10|15|0|0|0|0|0|0|0|0|215|
Warp	 	1	10	9	1	1	1	66	9	41	9	41	9	41	9	41	0	0	0	17967	0	1	0	1|67|40|35|15|0|0|0|0|0|0|0|0|0|
Warp	 	1	10	9	1	1	1	67	40	35	40	35	40	35	40	35	0	0	0	17966	0	1	0	1|66|9|41|15|0|0|0|0|0|0|0|0|0|
Warp	 	1	12	11	1	1	1	63	40	17	40	17	40	17	40	17	0	0	0	17967	0	1	0	1|64|41|8|15|0|0|0|0|0|0|0|0|0|
Warp	 	1	12	11	1	1	1	64	41	8	41	8	41	8	41	8	0	0	0	17966	0	1	0	1|63|40|17|15|0|0|0|0|0|0|0|0|0|
Warp	 	1	12	11	1	1	1	64	15	29	15	29	15	29	15	29	0	0	0	17967	0	1	0	1|65|31|27|15|0|0|0|0|0|0|0|0|0|
Warp	 	1	12	11	1	1	1	65	31	27	31	27	31	27	31	27	0	0	0	17966	0	1	0	1|64|15|29|15|0|0|0|0|0|0|0|0|0|
Warp	 	1	12	11	1	1	1	65	27	11	27	11	27	11	27	11	0	0	0	17967	0	1	0	1|69|19|16|15|0|0|0|0|0|0|0|0|0|
Warp	 	1	12	11	1	1	1	69	19	16	19	16	19	16	19	16	0	0	0	17966	0	1	0	1|65|27|11|15|0|0|0|0|0|0|0|0|0|
Warp	 	1	12	11	1	1	1	69	8	14	8	14	8	14	8	14	0	0	0	17967	0	1	0	1|70|33|23|15|0|0|0|0|0|0|0|0|0|
Warp	 	1	12	11	1	1	1	70	33	23	33	23	33	23	33	23	0	0	0	17966	0	1	0	1|69|8|14|15|0|0|0|0|0|0|0|0|0|
Warp	 	1	12	11	1	1	1	70	16	31	16	31	16	31	16	31	0	0	0	17967	0	1	0	1|71|14|22|15|0|0|0|0|0|0|0|0|0|
Warp	 	1	12	11	1	1	1	71	14	22	14	22	14	22	14	22	0	0	0	17966	0	1	0	1|70|16|31|15|0|0|0|0|0|0|0|0|0|
Warp	 	1	12	11	1	1	1	71	43	21	43	21	43	21	43	21	0	0	0	17967	0	1	0	1|72|24|9|15|0|0|0|0|0|0|0|0|0|
Warp	 	1	12	11	1	1	1	72	24	9	24	9	24	9	24	9	0	0	0	17966	0	1	0	1|71|43|21|15|0|0|0|0|0|0|0|0|0|
Warp	 	1	12	11	1	1	1	72	10	30	10	30	10	30	10	30	0	0	0	17967	0	1	0	1|73|40|20|15|0|0|0|0|0|0|0|0|0|
Warp	 	1	12	11	1	1	1	73	40	20	40	20	40	20	40	20	0	0	0	17966	0	1	0	1|72|10|30|15|0|0|0|0|0|0|0|0|0|
Warp	 	1	12	11	1	1	1	73	36	40	36	40	36	40	36	40	0	0	0	17967	0	1	0	1|74|41|37|15|0|0|0|0|0|0|0|0|0|
Warp	 	1	12	11	1	1	1	74	41	37	41	37	41	37	41	37	0	0	0	17966	0	1	0	1|73|36|40|15|0|0|0|0|0|0|0|0|0|
Warp	 	1	12	11	1	1	1	74	37	12	37	12	37	12	37	12	0	0	0	103012	0	1	0	0|15547|22|48|15|0|0|0|0|0|0|0|0|0|
Warp	 	1	12	11	1	1	0	15547	22	48	22	48	22	48	22	48	0	0	0	103012	0	1	0	1|74|37|12|15|0|0|0|0|0|0|0|0|215|
Warp	 	1	13	12	1	1	1	75	11	12	11	12	11	12	11	12	0	0	0	103012	0	1	0	0|11034|6|5|15|0|0|0|0|0|0|0|0|0|
Warp	 	1	13	12	1	1	0	11034	6	5	6	5	6	5	6	5	0	0	0	103012	0	1	0	1|75|11|12|15|0|0|0|0|0|0|0|0|215|
Warp	 	1	13	12	1	1	1	75	20	28	20	28	20	28	20	28	0	0	0	17970	0	1	0	1|76|18|39|15|0|0|0|0|0|0|0|0|0|
Warp	 	1	13	12	1	1	1	76	18	39	18	39	18	39	18	39	0	0	0	17971	0	1	0	1|75|20|28|15|0|0|0|0|0|0|0|0|0|
Warp	 	1	13	12	1	1	1	76	43	40	43	40	43	40	43	40	0	0	0	17970	0	1	0	1|77|8|36|15|0|0|0|0|0|0|0|0|0|
Warp	 	1	13	12	1	1	1	77	8	36	8	36	8	36	8	36	0	0	0	17971	0	1	0	1|76|43|40|15|0|0|0|0|0|0|0|0|0|
Warp	 	1	13	12	1	1	1	77	36	30	36	30	36	30	36	30	0	0	0	17970	0	1	0	1|78|13|31|15|0|0|0|0|0|0|0|0|0|
Warp	 	1	13	12	1	1	1	78	13	31	13	31	13	31	13	31	0	0	0	17971	0	1	0	1|77|36|30|15|0|0|0|0|0|0|0|0|0|
Warp	 	1	13	12	1	1	1	78	27	17	27	17	27	17	27	17	0	0	0	103012	0	1	0	0|11037|6|5|15|0|0|0|0|0|0|0|0|0|
Warp	 	1	13	12	1	1	0	11037	6	5	6	5	6	5	6	5	0	0	0	103012	0	1	0	1|78|27|17|15|0|0|0|0|0|0|0|0|215|
Warp	 	1	14	13	1	1	1	79	24	11	24	11	24	11	24	11	0	0	0	103012	0	1	0	0|11034|26|49|15|0|0|0|0|0|0|0|0|0|
Warp	 	1	14	13	1	1	0	11034	26	49	26	49	26	49	26	49	0	0	0	103012	0	1	0	1|79|24|11|15|0|0|0|0|0|0|0|0|215|
Warp	 	1	14	13	1	1	1	79	51	10	51	10	51	10	51	10	0	0	0	17970	0	1	0	1|80|37|33|15|0|0|0|0|0|0|0|0|0|
Warp	 	1	14	13	1	1	1	80	37	33	37	33	37	33	37	33	0	0	0	17971	0	1	0	1|79|51|10|15|0|0|0|0|0|0|0|0|0|
Warp	 	1	14	13	1	1	1	80	45	12	45	12	45	12	45	12	0	0	0	17970	0	1	0	1|81|18|6|15|0|0|0|0|0|0|0|0|0|
Warp	 	1	14	13	1	1	1	81	18	6	18	6	18	6	18	6	0	0	0	17971	0	1	0	1|80|45|12|15|0|0|0|0|0|0|0|0|0|
Warp	 	1	14	13	1	1	1	81	34	23	34	23	34	23	34	23	0	0	0	17970	0	1	0	1|82|30|31|15|0|0|0|0|0|0|0|0|0|
Warp	 	1	14	13	1	1	1	82	30	31	30	31	30	31	30	31	0	0	0	17971	0	1	0	1|81|34|23|15|0|0|0|0|0|0|0|0|0|
Warp	 	1	14	13	1	1	1	82	32	12	32	12	32	12	32	12	0	0	0	103012	0	1	0	0|11037|26|49|15|0|0|0|0|0|0|0|0|0|
Warp	 	1	14	13	1	1	0	11037	26	49	26	49	26	49	26	49	0	0	0	103012	0	1	0	1|82|32|12|15|0|0|0|0|0|0|0|0|215|
Warp	 	1	15	14	1	1	1	83	11	11	11	11	11	11	11	11	0	0	0	103012	0	1	0	0|11034|18|73|15|0|0|0|0|0|0|0|0|0|
Warp	 	1	15	14	1	1	0	11034	18	73	18	73	18	73	18	73	0	0	0	103012	0	1	0	1|83|11|11|15|0|0|0|0|0|0|0|0|215|
Warp	 	1	15	14	1	1	1	83	11	28	11	28	11	28	11	28	0	0	0	17970	0	1	0	1|84|30|11|15|0|0|0|0|0|0|0|0|0|
Warp	 	1	15	14	1	1	1	84	30	11	30	11	30	11	30	11	0	0	0	17971	0	1	0	1|83|11|28|15|0|0|0|0|0|0|0|0|0|
Warp	 	1	15	14	1	1	1	84	17	19	17	19	17	19	17	19	0	0	0	17970	0	1	0	1|85|38|6|15|0|0|0|0|0|0|0|0|0|
Warp	 	1	15	14	1	1	1	85	38	6	38	6	38	6	38	6	0	0	0	17971	0	1	0	1|84|17|19|15|0|0|0|0|0|0|0|0|0|
Warp	 	1	15	14	1	1	1	85	36	30	36	30	36	30	36	30	0	0	0	103012	0	1	0	0|11036|18|73|15|0|0|0|0|0|0|0|0|0|
Warp	 	1	15	14	1	1	0	11036	18	73	18	73	18	73	18	73	0	0	0	103012	0	1	0	1|85|36|30|15|0|0|0|0|0|0|0|0|215|
Warp	 	1	98	15	1	1	1	86	45	16	45	16	45	16	45	16	0	0	0	103012	0	1	0	0|59752|202|10|15|0|0|0|0|0|0|0|0|0|
Warp	 	1	98	15	1	1	0	59752	202	10	202	10	202	10	202	10	0	0	0	103012	0	1	0	1|86|45|16|15|0|0|0|0|0|0|0|0|215|
Warp	 	1	98	15	1	1	1	86	33	36	33	36	33	36	33	36	0	0	0	17991	0	1	0	1|87|20|12|15|0|0|0|0|0|0|0|0|0|
Warp	 	1	98	15	1	1	1	87	20	12	20	12	20	12	20	12	0	0	0	17990	0	1	0	1|86|33|36|15|0|0|0|0|0|0|0|0|0|
Warp	 	1	98	15	1	1	1	87	36	13	36	13	36	13	36	13	0	0	0	17991	0	1	0	1|88|36|32|15|0|0|0|0|0|0|0|0|0|
Warp	 	1	98	15	1	1	1	88	36	32	36	32	36	32	36	32	0	0	0	17990	0	1	0	1|87|36|13|15|0|0|0|0|0|0|0|0|0|
Warp	 	1	98	15	1	1	1	88	12	31	12	31	12	31	12	31	0	0	0	17991	0	1	0	1|89|16|34|15|0|0|0|0|0|0|0|0|0|
Warp	 	1	98	15	1	1	1	89	16	34	16	34	16	34	16	34	0	0	0	17990	0	1	0	1|88|12|31|15|0|0|0|0|0|0|0|0|0|
Warp	 	1	98	15	1	1	1	89	13	17	13	17	13	17	13	17	0	0	0	17991	0	1	0	1|90|54|19|15|0|0|0|0|0|0|0|0|0|
Warp	 	1	98	15	1	1	1	90	54	19	54	19	54	19	54	19	0	0	0	17990	0	1	0	1|89|13|17|15|0|0|0|0|0|0|0|0|0|
Warp	 	1	98	15	1	1	1	90	55	43	55	43	55	43	55	43	0	0	0	17991	0	1	0	1|91|38|56|15|0|0|0|0|0|0|0|0|0|
Warp	 	1	98	15	1	1	1	91	38	56	38	56	38	56	38	56	0	0	0	17990	0	1	0	1|90|55|43|15|0|0|0|0|0|0|0|0|0|
Warp	 	1	98	15	1	1	1	91	18	30	18	30	18	30	18	30	0	0	0	17991	0	1	0	1|92|31|28|15|0|0|0|0|0|0|0|0|0|
Warp	 	1	98	15	1	1	1	92	31	28	31	28	31	28	31	28	0	0	0	17990	0	1	0	1|91|18|30|15|0|0|0|0|0|0|0|0|0|
Warp	 	1	98	15	1	1	1	92	34	44	34	44	34	44	34	44	0	0	0	17991	0	1	0	1|93|46|11|15|0|0|0|0|0|0|0|0|0|
Warp	 	1	98	15	1	1	1	93	46	11	46	11	46	11	46	11	0	0	0	17990	0	1	0	1|92|34|44|15|0|0|0|0|0|0|0|0|0|
Warp	 	1	98	15	1	1	1	93	26	14	26	14	26	14	26	14	0	0	0	17991	0	1	0	1|94|44|45|15|0|0|0|0|0|0|0|0|0|
Warp	 	1	98	15	1	1	1	94	44	45	44	45	44	45	44	45	0	0	0	17990	0	1	0	1|93|26|14|15|0|0|0|0|0|0|0|0|0|
Warp	 	1	98	15	1	1	1	94	42	33	42	33	42	33	42	33	0	0	0	17991	0	1	0	1|95|25|40|15|0|0|0|0|0|0|0|0|0|
Warp	 	1	98	15	1	1	1	95	25	40	25	40	25	40	25	40	0	0	0	17990	0	1	0	1|94|42|33|15|0|0|0|0|0|0|0|0|0|
Warp	 	1	98	15	1	1	1	95	45	39	45	39	45	39	45	39	0	0	0	17991	0	1	0	1|96|18|11|15|0|0|0|0|0|0|0|0|0|
Warp	 	1	98	15	1	1	1	96	18	11	18	11	18	11	18	11	0	0	0	17990	0	1	0	1|95|45|39|15|0|0|0|0|0|0|0|0|0|
Warp	 	1	98	15	1	1	1	96	19	23	19	23	19	23	19	23	0	0	0	17991	0	1	0	1|97|18|25|15|0|0|0|0|0|0|0|0|0|
Warp	 	1	98	15	1	1	1	97	18	25	18	25	18	25	18	25	0	0	0	17990	0	1	0	1|96|19|23|15|0|0|0|0|0|0|0|0|0|
Warp	 	1	98	15	1	1	1	97	52	30	52	30	52	30	52	30	0	0	0	17991	0	1	0	1|98|38|33|15|0|0|0|0|0|0|0|0|0|
Warp	 	1	98	15	1	1	1	98	38	33	38	33	38	33	38	33	0	0	0	17990	0	1	0	1|97|52|30|15|0|0|0|0|0|0|0|0|0|
Warp	 	1	98	15	1	1	1	98	41	14	41	14	41	14	41	14	0	0	0	17991	0	1	0	1|99|16|43|15|0|0|0|0|0|0|0|0|0|
Warp	 	1	98	15	1	1	1	99	16	43	16	43	16	43	16	43	0	0	0	17990	0	1	0	1|98|41|14|15|0|0|0|0|0|0|0|0|0|
Warp	 	1	98	15	1	1	1	99	15	60	15	60	15	60	15	60	0	0	0	17991	0	1	0	1|100|8|29|15|0|0|0|0|0|0|0|0|0|
Warp	 	1	98	15	1	1	1	100	8	29	8	29	8	29	8	29	0	0	0	17990	0	1	0	1|99|15|60|15|0|0|0|0|0|0|0|0|0|
Event	措悼 拜八荤	1	98	15	1	1	1	100	9	36	9	36	9	36	9	36	1	60000	6	14594	0	1	0	EV_tane_NPC_15.txt
Warp	 	1	98	15	1	1	1	100	45	15	45	15	45	15	45	15	0	0	0	17991	0	1	0	1|101|14|15|15|0|0|0|0|0|0|0|0|0|
Warp	 	1	98	15	1	1	1	101	14	15	14	15	14	15	14	15	0	0	0	17990	0	1	0	1|100|45|15|15|0|0|0|0|0|0|0|0|0|
Warp	 	1	98	15	1	1	1	101	8	38	8	38	8	38	8	38	0	0	0	17991	0	1	0	1|102|28|11|15|0|0|0|0|0|0|0|0|0|
Warp	 	1	98	15	1	1	1	102	28	11	28	11	28	11	28	11	0	0	0	17990	0	1	0	1|101|8|38|15|0|0|0|0|0|0|0|0|0|
Warp	 	1	98	15	1	1	1	102	46	36	46	36	46	36	46	36	0	0	0	17991	0	1	0	1|103|18|40|15|0|0|0|0|0|0|0|0|0|
Warp	 	1	98	15	1	1	1	103	18	40	18	40	18	40	18	40	0	0	0	17990	0	1	0	1|102|46|36|15|0|0|0|0|0|0|0|0|0|
Warp	 	1	98	15	1	1	1	103	34	19	34	19	34	19	34	19	0	0	0	17991	0	1	0	1|104|42|33|15|0|0|0|0|0|0|0|0|0|
Warp	 	1	98	15	1	1	1	104	42	33	42	33	42	33	42	33	0	0	0	17990	0	1	0	1|103|34|19|15|0|0|0|0|0|0|0|0|0|
Warp	 	1	98	15	1	1	1	104	28	10	28	10	28	10	28	10	0	0	0	17991	0	1	0	1|105|16|9|15|0|0|0|0|0|0|0|0|0|
Warp	 	1	98	15	1	1	1	105	16	9	16	9	16	9	16	9	0	0	0	17990	0	1	0	1|104|28|10|15|0|0|0|0|0|0|0|0|0|
Warp	 	1	98	15	1	1	1	105	19	29	19	29	19	29	19	29	0	0	0	17991	0	1	0	1|106|34|44|15|0|0|0|0|0|0|0|0|0|
Warp	 	1	98	15	1	1	1	106	34	44	34	44	34	44	34	44	0	0	0	17990	0	1	0	1|105|19|29|15|0|0|0|0|0|0|0|0|0|
Warp	 	1	98	15	1	1	1	106	13	19	13	19	13	19	13	19	0	0	0	17991	0	1	0	1|107|50|23|15|0|0|0|0|0|0|0|0|0|
Warp	 	1	98	15	1	1	1	107	50	23	50	23	50	23	50	23	0	0	0	17990	0	1	0	1|106|13|19|15|0|0|0|0|0|0|0|0|0|
Warp	 	1	98	15	1	1	1	107	32	38	32	38	32	38	32	38	0	0	0	17991	0	1	0	1|108|13|19|15|0|0|0|0|0|0|0|0|0|
Warp	 	1	98	15	1	1	1	108	13	19	13	19	13	19	13	19	0	0	0	17990	0	1	0	1|107|32|38|15|0|0|0|0|0|0|0|0|0|
Warp	 	1	98	15	1	1	1	108	40	35	40	35	40	35	40	35	0	0	0	17991	0	1	0	1|109|12|46|15|0|0|0|0|0|0|0|0|0|
Warp	 	1	98	15	1	1	1	109	12	46	12	46	12	46	12	46	0	0	0	17990	0	1	0	1|108|40|35|15|0|0|0|0|0|0|0|0|0|
Warp	 	1	98	15	1	1	1	109	22	14	22	14	22	14	22	14	0	0	0	17991	0	1	0	1|110|30|31|15|0|0|0|0|0|0|0|0|0|
Warp	 	1	98	15	1	1	1	110	30	31	30	31	30	31	30	31	0	0	0	17990	0	1	0	1|109|22|14|15|0|0|0|0|0|0|0|0|0|
Warp	 	1	98	15	1	1	1	110	10	5	10	5	10	5	10	5	0	0	0	17991	0	1	0	1|111|54|11|15|0|0|0|0|0|0|0|0|0|
Warp	 	1	98	15	1	1	1	111	54	11	54	11	54	11	54	11	0	0	0	17990	0	1	0	1|110|10|5|15|0|0|0|0|0|0|0|0|0|
Warp	 	1	98	15	1	1	1	111	25	44	25	44	25	44	25	44	0	0	0	17991	0	1	0	1|112|10|43|15|0|0|0|0|0|0|0|0|0|
Warp	 	1	98	15	1	1	1	112	10	43	10	43	10	43	10	43	0	0	0	17990	0	1	0	1|111|25|44|15|0|0|0|0|0|0|0|0|0|
Warp	 	1	98	15	1	1	1	112	44	24	44	24	44	24	44	24	0	0	0	17991	0	1	0	1|113|42|35|15|0|0|0|0|0|0|0|0|0|
Warp	 	1	98	15	1	1	1	113	42	35	42	35	42	35	42	35	0	0	0	17990	0	1	0	1|112|44|24|15|0|0|0|0|0|0|0|0|0|
Warp	 	1	98	15	1	1	1	113	23	32	23	32	23	32	23	32	0	0	0	17991	0	1	0	1|114|12|49|15|0|0|0|0|0|0|0|0|0|
Warp	 	1	98	15	1	1	1	114	12	49	12	49	12	49	12	49	0	0	0	17990	0	1	0	1|113|23|32|15|0|0|0|0|0|0|0|0|0|
Warp	 	1	98	15	1	1	1	114	10	27	10	27	10	27	10	27	0	0	0	17991	0	1	0	1|115|22|38|15|0|0|0|0|0|0|0|0|0|
Warp	 	1	98	15	1	1	1	115	22	38	22	38	22	38	22	38	0	0	0	17990	0	1	0	1|114|10|27|15|0|0|0|0|0|0|0|0|0|
Warp	 	1	98	15	1	1	1	115	44	22	44	22	44	22	44	22	0	0	0	17991	0	1	0	1|116|44|36|15|0|0|0|0|0|0|0|0|0|
Warp	 	1	98	15	1	1	1	116	44	36	44	36	44	36	44	36	0	0	0	17990	0	1	0	1|115|44|22|15|0|0|0|0|0|0|0|0|0|
Warp	 	1	98	15	1	1	1	116	44	51	44	51	44	51	44	51	0	0	0	17991	0	1	0	1|117|18|31|15|0|0|0|0|0|0|0|0|0|
Warp	 	1	98	15	1	1	1	117	18	31	18	31	18	31	18	31	0	0	0	17990	0	1	0	1|116|44|51|15|0|0|0|0|0|0|0|0|0|
Warp	 	1	98	15	1	1	1	117	18	22	18	22	18	22	18	22	0	0	0	17991	0	1	0	1|118|18|43|15|0|0|0|0|0|0|0|0|0|
Warp	 	1	98	15	1	1	1	118	18	43	18	43	18	43	18	43	0	0	0	17990	0	1	0	1|117|18|22|15|0|0|0|0|0|0|0|0|0|
Warp	 	1	98	15	1	1	1	118	51	29	51	29	51	29	51	29	0	0	0	17991	0	1	0	1|119|21|18|15|0|0|0|0|0|0|0|0|0|
Warp	 	1	98	15	1	1	1	119	21	18	21	18	21	18	21	18	0	0	0	17990	0	1	0	1|118|51|29|15|0|0|0|0|0|0|0|0|0|
Warp	 	1	98	15	1	1	1	119	50	40	50	40	50	40	50	40	0	0	0	17991	0	1	0	1|120|27|49|15|0|0|0|0|0|0|0|0|0|
Warp	 	1	98	15	1	1	1	120	27	49	27	49	27	49	27	49	0	0	0	17990	0	1	0	1|119|50|40|15|0|0|0|0|0|0|0|0|0|
Warp	 	1	98	15	1	1	1	120	31	11	31	11	31	11	31	11	0	0	0	17991	0	1	0	1|121|52|21|15|0|0|0|0|0|0|0|0|0|
Warp	 	1	98	15	1	1	1	121	52	21	52	21	52	21	52	21	0	0	0	17990	0	1	0	1|120|31|11|15|0|0|0|0|0|0|0|0|0|
Warp	 	1	98	15	1	1	1	121	54	39	54	39	54	39	54	39	0	0	0	17991	0	1	0	1|122|47|27|15|0|0|0|0|0|0|0|0|0|
Warp	 	1	98	15	1	1	1	122	47	27	47	27	47	27	47	27	0	0	0	17990	0	1	0	1|121|54|39|15|0|0|0|0|0|0|0|0|0|
Warp	 	1	98	15	1	1	1	122	17	29	17	29	17	29	17	29	0	0	0	17991	0	1	0	1|123|29|40|15|0|0|0|0|0|0|0|0|0|
Warp	 	1	98	15	1	1	1	123	29	40	29	40	29	40	29	40	0	0	0	17990	0	1	0	1|122|17|29|15|0|0|0|0|0|0|0|0|0|
Warp	 	1	98	15	1	1	1	123	32	18	32	18	32	18	32	18	0	0	0	17991	0	1	0	1|124|58|46|15|0|0|0|0|0|0|0|0|0|
Warp	 	1	98	15	1	1	1	124	58	46	58	46	58	46	58	46	0	0	0	17990	0	1	0	1|123|32|18|15|0|0|0|0|0|0|0|0|0|
Warp	 	1	98	15	1	1	1	124	38	17	38	17	38	17	38	17	0	0	0	17991	0	1	0	1|125|18|16|15|0|0|0|0|0|0|0|0|0|
Warp	 	1	98	15	1	1	1	125	18	16	18	16	18	16	18	16	0	0	0	17990	0	1	0	1|124|38|17|15|0|0|0|0|0|0|0|0|0|
Warp	 	1	98	15	1	1	1	125	38	39	38	39	38	39	38	39	0	0	0	17991	0	1	0	1|126|41|38|15|0|0|0|0|0|0|0|0|0|
Warp	 	1	98	15	1	1	1	126	41	38	41	38	41	38	41	38	0	0	0	17990	0	1	0	1|125|38|39|15|0|0|0|0|0|0|0|0|0|
Warp	 	1	98	15	1	1	1	126	14	40	14	40	14	40	14	40	0	0	0	17991	0	1	0	1|127|29|33|15|0|0|0|0|0|0|0|0|0|
Warp	 	1	98	15	1	1	1	127	29	33	29	33	29	33	29	33	0	0	0	17990	0	1	0	1|126|14|40|15|0|0|0|0|0|0|0|0|0|
Warp	 	1	98	15	1	1	1	127	17	49	17	49	17	49	17	49	0	0	0	17991	0	1	0	1|128|11|37|15|0|0|0|0|0|0|0|0|0|
Warp	 	1	98	15	1	1	1	128	11	37	11	37	11	37	11	37	0	0	0	17990	0	1	0	1|127|17|49|15|0|0|0|0|0|0|0|0|0|
Warp	 	1	98	15	1	1	1	128	50	16	50	16	50	16	50	16	0	0	0	17991	0	1	0	1|129|43|16|15|0|0|0|0|0|0|0|0|0|
Warp	 	1	98	15	1	1	1	129	43	16	43	16	43	16	43	16	0	0	0	17990	0	1	0	1|128|50|16|15|0|0|0|0|0|0|0|0|0|
Warp	 	1	98	15	1	1	1	129	29	51	29	51	29	51	29	51	0	0	0	17991	0	1	0	1|130|49|54|15|0|0|0|0|0|0|0|0|0|
Warp	 	1	98	15	1	1	1	130	49	54	49	54	49	54	49	54	0	0	0	17990	0	1	0	1|129|29|51|15|0|0|0|0|0|0|0|0|0|
Warp	 	1	98	15	1	1	1	130	27	36	27	36	27	36	27	36	0	0	0	17991	0	1	0	1|131|10|5|15|0|0|0|0|0|0|0|0|0|
Warp	 	1	98	15	1	1	1	131	10	5	10	5	10	5	10	5	0	0	0	17990	0	1	0	1|130|27|36|15|0|0|0|0|0|0|0|0|0|
Warp	 	1	98	15	1	1	1	131	33	8	33	8	33	8	33	8	0	0	0	17991	0	1	0	1|132|27|16|15|0|0|0|0|0|0|0|0|0|
Warp	 	1	98	15	1	1	1	132	27	16	27	16	27	16	27	16	0	0	0	17990	0	1	0	1|131|33|8|15|0|0|0|0|0|0|0|0|0|
Warp	 	1	98	15	1	1	1	132	12	52	12	52	12	52	12	52	0	0	0	17991	0	1	0	1|133|13|52|15|0|0|0|0|0|0|0|0|0|
Warp	 	1	98	15	1	1	1	133	13	52	13	52	13	52	13	52	0	0	0	17990	0	1	0	1|132|12|52|15|0|0|0|0|0|0|0|0|0|
Warp	 	1	98	15	1	1	1	133	40	56	40	56	40	56	40	56	0	0	0	17991	0	1	0	1|134|9|35|15|0|0|0|0|0|0|0|0|0|
Warp	 	1	98	15	1	1	1	134	9	35	9	35	9	35	9	35	0	0	0	17990	0	1	0	1|133|40|56|15|0|0|0|0|0|0|0|0|0|
Warp	 	1	98	15	1	1	1	134	9	15	9	15	9	15	9	15	0	0	0	103012	0	1	0	0|5016|6|8|15|0|0|0|0|0|0|0|0|0|
Warp	 	1	98	15	1	1	0	5016	6	8	6	8	6	8	6	8	0	0	0	103012	0	1	0	1|134|9|15|15|0|0|0|0|0|0|0|0|215|
