58	1502	8	16	1520	103	21
59	1502	9	16	1520	104	21
63	1520	70	15	1521	48	80
64	1520	79	15	1521	50	80
65	1520	74	19	1521	49	80
66	1520	75	19	1521	49	80
68	1506	16	19	1521	94	71
69	1506	17	19	1521	95	71
71	1510	7	14	1521	78	71
72	1510	8	14	1521	79	71
74	1509	7	14	1521	66	71
75	1509	8	14	1521	67	71
76	1504	29	18	1521	0	74
77	1504	29	19	1521	0	75
79	1508	7	14	1521	31	71
80	1508	8	14	1521	32	71
82	1507	7	14	1521	17	71
83	1507	8	14	1521	18	71
87	1511	8	19	1521	49	22
88	1511	9	19	1521	50	22
90	1511	16	3	1518	0	3
91	1511	16	4	1518	0	4
92	1512	0	7	1518	35	3
93	1512	0	8	1518	35	4
99	1000	154	29	1201	14	23
100	1000	153	29	1201	14	23
101	1201	13	7	1202	11	45
102	1201	14	7	1202	12	45
103	1201	15	7	1202	13	45
104	1201	5	14	1203	21	13
105	1201	5	15	1203	21	14
106	1203	16	13	1204	40	35
108	1201	23	14	1205	9	23
109	1201	23	15	1205	9	24
110	1201	21	9	1206	42	40
111	1201	22	9	1206	43	40
112	1400	14	6	1401	33	67
113	1400	15	6	1401	34	67
114	1400	16	6	1401	35	67
115	1401	34	8	1402	23	34
116	1401	35	8	1402	24	34
117	1401	58	58	1403	5	6
118	1401	58	59	1403	5	7
119	1000	122	161	1400	14	23
120	1000	123	161	1400	15	23
121	1400	27	14	1403	5	31
122	1400	27	15	1403	5	32
123	1000	201	108	1012	17	24
124	1000	94	98	1011	4	13
125	1000	221	83	1112	12	42
126	1000	102	108	1022	15	24
127	1000	216	99	1021	4	13
128	1000	196	78	1031	4	13
129	1041	3	13	1000	94	78
130	1000	94	78	1041	3	13
131	1000	72	104	1061	15	24
134	1000	191	37	1051	15	24
135	1051	15	24	1000	191	37
136	2000	52	39	2010	14	20
137	2000	35	25	2001	5	13
138	2012	6	13	2000	47	83
139	2000	47	83	2012	6	13
140	2000	35	42	2013	9	16
141	2000	42	72	2014	2	9
142	2100	40	36	2112	9	16
143	2112	10	16	2100	40	36
144	2112	18	10	2198	0	5
145	2112	18	11	2198	0	6
146	2100	49	58	2120	3	9
147	2120	3	10	2100	49	58
148	2100	37	52	2121	3	9
149	2121	3	10	2100	37	52
154	2100	61	53	2110	2	9
155	2110	2	10	2100	61	53
156	2300	37	50	2310	1	9
157	2300	28	48	2320	10	16
158	2320	10	16	2300	28	48
159	2300	26	70	2301	7	15
160	2300	32	70	2301	19	15
161	2300	39	70	2308	2	9
162	2300	50	64	2306	1	8
163	2306	7	3	2307	6	5
164	2300	49	81	2312	2	9
165	2312	6	14	2313	7	8
166	2400	48	37	2420	9	16
167	2420	10	16	2400	48	37
168	2400	37	44	2401	15	22
169	2401	16	22	2400	37	44
170	2400	31	54	2421	2	9
171	2421	2	10	2400	31	54
174	2400	52	63	2410	2	9
175	2410	2	10	2400	52	63
176	1000	152	100	1500	41	91
177	1000	153	100	1500	41	91
178	1000	154	100	1500	41	91
179	1000	165	87	1500	59	53
180	1000	165	88	1500	59	53
181	1000	165	89	1500	59	53
182	1000	141	87	1500	23	53
183	1000	141	88	1500	23	53
184	1000	141	89	1500	23	53
185	1000	152	70	1500	41	17
186	1000	153	70	1500	41	17
187	1000	154	70	1500	41	17
188	1500	40	98	1000	153	103
189	1500	41	98	1000	153	103
190	1500	42	98	1000	153	103
191	1500	40	14	1000	153	68
192	1500	41	14	1000	153	68
193	1500	42	14	1000	153	68
194	1500	65	52	1000	170	88
195	1500	65	53	1000	170	88
196	1500	65	54	1000	170	88
197	1500	17	52	1000	138	88
198	1500	17	53	1000	138	88
199	1500	17	54	1000	138	88
200	1000	152	241	100	424	259
201	1000	153	241	100	424	259
202	1000	154	241	100	424	259
203	1000	281	87	100	475	196
204	1000	281	88	100	475	196
205	1000	281	89	100	475	196
206	1000	22	87	100	374	195
207	1000	22	88	100	374	195
208	1000	22	89	100	374	195
209	100	423	253	1000	153	235
210	100	424	253	1000	153	235
211	100	425	253	1000	153	235
212	100	470	195	1000	277	88
213	100	470	196	1000	277	88
214	100	470	197	1000	277	88
215	100	378	194	1000	27	88
216	100	378	195	1000	27	88
217	100	378	196	1000	27	88
218	100	681	343	2000	44	31
219	2000	45	31	100	682	343
220	100	134	218	2300	51	54
221	100	134	219	2300	51	55
222	2300	52	54	100	135	218
223	2300	52	55	100	135	219
224	1101	27	20	1102	4	15
226	1102	10	11	1104	2	6
227	1102	10	12	1104	2	7
228	1102	10	6	1105	3	7
229	1150	2	9	1000	216	43
230	1151	0	9	1000	216	148
232	1000	206	37	1152	10	14
233	1152	10	14	1000	206	37
236	1092	9	24	1000	73	60
237	1081	10	24	1000	118	130
239	1091	2	10	1000	195	50
240	1000	82	83	1111	12	42
241	1111	12	42	1000	82	83
242	1000	100	61	1071	6	24
243	1000	106	61	1071	26	24
244	1121	2	13	1000	238	111
245	1301	22	72	1000	184	151
246	1301	23	72	1000	185	151
247	1302	23	34	1301	28	52
248	1500	41	50	1520	74	40
249	1500	42	50	1520	75	40
250	1301	8	49	1303	9	34
251	1112	12	42	1000	221	83
252	1303	9	4	1305	12	25
253	1303	11	28	1304	10	17
254	1304	17	25	1302	16	0
255	1304	18	25	1302	17	0
256	1305	18	26	1301	22	3
257	1305	19	26	1301	23	3
258	1520	103	21	1502	8	16
262	1521	49	80	1520	74	19
263	1521	50	80	1520	79	15
266	1521	94	71	1506	16	19
267	1521	95	71	1506	17	19
268	1521	78	71	1510	7	14
269	1521	79	71	1510	8	14
270	1521	66	71	1509	7	14
271	1521	67	71	1509	8	14
273	1521	0	74	1504	29	18
274	1521	0	75	1504	29	19
276	1521	31	71	1508	7	14
277	1521	32	71	1508	8	14
278	1521	17	71	1507	7	14
279	1521	18	71	1507	8	14
284	1521	49	22	1511	8	19
285	1521	50	22	1511	9	19
287	1518	0	3	1511	16	3
288	1518	0	4	1511	16	4
289	1518	35	3	1512	0	7
290	1518	35	4	1512	0	8
293	2198	0	6	2112	18	11
296	1201	14	23	1000	154	29
297	1202	11	45	1201	13	7
298	1202	12	45	1201	14	7
299	1202	13	45	1201	15	7
300	1203	21	13	1201	5	14
301	1203	21	14	1201	5	15
302	1204	40	35	1203	16	13
304	1205	9	23	1201	23	14
305	1205	9	24	1201	23	15
306	1206	42	40	1201	21	9
307	1206	43	40	1201	22	9
308	1401	33	67	1400	14	6
309	1401	34	67	1400	15	6
310	1401	35	67	1400	16	6
311	1402	23	34	1401	34	8
312	1402	24	34	1401	35	8
313	1403	5	6	1401	58	58
314	1403	5	7	1401	58	59
315	1400	14	23	1000	122	161
316	1400	15	23	1000	123	161
317	1403	5	31	1400	27	14
318	1403	5	32	1400	27	15
319	1012	17	24	1000	201	108
320	1011	4	13	1000	94	98
321	1022	15	24	1000	102	108
322	1021	4	13	1000	216	99
323	1031	4	13	1000	196	78
324	1061	15	24	1000	72	104
327	2010	14	20	2000	52	39
328	2001	5	13	2000	35	25
329	2013	9	16	2000	35	42
330	2014	2	9	2000	42	72
331	2112	9	16	2100	40	36
332	2198	0	5	2112	18	10
333	2120	3	9	2100	49	58
334	2121	3	9	2100	37	52
337	2110	2	9	2100	61	53
338	2310	1	9	2300	37	50
339	2301	7	15	2300	26	70
340	2301	19	15	2300	32	70
341	2308	2	9	2300	39	70
342	2306	1	8	2300	50	64
343	2307	6	5	2306	7	3
344	2312	2	9	2300	49	81
345	2313	7	8	2312	6	14
346	2420	9	16	2400	48	37
347	2401	15	22	2400	37	44
348	2421	2	9	2400	31	54
350	2410	2	9	2400	52	63
351	1102	4	15	1101	27	20
353	1104	2	6	1102	10	11
354	1104	2	7	1102	10	12
355	1105	3	7	1102	10	6
356	1000	216	43	1150	2	9
357	1000	216	148	1151	0	9
360	1000	73	60	1092	9	24
361	1000	118	130	1081	10	24
362	1000	195	50	1091	2	10
363	1071	6	24	1000	100	61
364	1071	26	24	1000	106	61
365	1000	238	111	1121	2	13
366	1000	184	151	1301	22	72
367	1000	185	151	1301	23	72
368	1301	28	52	1302	23	34
369	1520	74	40	1500	41	50
370	1520	75	40	1500	42	50
371	1303	9	34	1301	8	49
372	1305	12	25	1303	9	4
373	1304	10	17	1303	11	28
374	1302	16	0	1304	17	25
375	1302	17	0	1304	18	25
376	1301	22	3	1305	18	26
377	1301	23	3	1305	19	26
378	1101	10	16	1000	219	136
379	1800	0	7	1000	188	16
380	1101	27	12	1102	4	8
381	1102	4	8	1101	27	12
382	1102	4	8	1101	27	12
383	1101	27	12	1102	4	8
388	1170	19	6	1171	17	7
389	1171	17	7	1170	19	6
390	1171	17	7	1170	19	6
391	1170	19	6	1171	17	7
392	1171	8	7	1170	10	6
393	1170	10	6	1171	8	7
394	1170	10	6	1171	8	7
395	1171	8	7	1170	10	6
396	1171	22	7	1170	24	6
397	1170	24	6	1171	22	7
398	1170	24	6	1171	22	7
399	1171	22	7	1170	24	6
400	1171	21	1	1172	7	11
401	1172	7	11	1171	21	1
402	1172	7	11	1171	21	1
403	1171	21	1	1172	7	11
412	2110	6	14	2111	9	12
413	2111	9	12	2110	6	14
414	2111	9	12	2110	6	14
415	2110	6	14	2111	9	12
416	1801	10	19	1000	180	17
418	2310	14	11	2311	14	12
419	2311	14	12	2310	14	11
420	3000	48	26	300	704	95
421	3000	49	26	300	705	95
422	1000	219	136	1101	10	16
423	300	704	96	3000	48	27
424	300	705	96	3000	49	27
431	3000	63	61	3001	13	14
432	3001	13	14	3000	63	61
433	3001	13	15	3000	63	61
434	3001	24	14	3002	13	11
435	3002	13	11	3001	24	14
439	3000	52	72	3010	3	9
440	3010	3	9	3000	52	72
441	3010	3	10	3000	52	72
442	3000	36	40	3012	1	9
443	3012	1	9	3000	36	40
444	3012	1	10	3000	36	40
445	3012	10	16	3013	7	1
446	3013	7	1	3012	10	16
447	3012	10	3	3014	7	13
448	3014	7	13	3012	10	3
449	3000	60	50	3020	3	9
450	3020	3	9	3000	60	50
451	3020	3	10	3000	60	50
452	3000	34	53	3021	9	15
453	3021	9	15	3000	34	53
454	3021	10	15	3000	34	53
455	3200	66	77	3201	12	14
456	3201	12	14	3200	66	77
457	3201	12	15	3200	66	77
458	3201	23	14	3202	13	12
459	3202	13	12	3201	23	14
462	3212	1	9	3200	50	63
463	3212	10	15	3214	7	1
464	3214	7	1	3212	10	15
473	3200	71	63	3220	3	9
474	3220	3	9	3200	71	63
475	3220	3	10	3200	71	63
480	1805	9	19	1000	113	17
481	1809	10	19	1000	131	17
482	4220	1	10	4200	35	37
487	100	596	84	2400	67	65
488	2400	66	64	100	595	83
489	100	587	51	2400	58	32
490	2400	67	64	100	596	83
491	100	588	51	2400	59	32
492	100	330	481	2100	66	47
493	2400	58	31	100	587	50
494	100	330	480	2100	66	46
495	2400	59	31	100	588	50
496	2100	67	47	100	331	481
497	2100	67	46	100	331	480
498	400	223	443	4000	30	28
499	4000	24	41	400	216	457
500	4000	24	39	400	216	455
501	400	217	457	4000	25	41
502	4000	24	40	400	216	456
503	400	264	433	4000	70	17
504	400	264	434	4000	70	18
505	400	264	435	4000	70	19
506	4000	71	17	400	265	433
507	4000	71	18	400	265	434
508	4000	71	19	400	265	435
509	400	217	455	4000	25	39
510	400	217	456	4000	25	40
511	400	224	443	4000	31	28
512	400	225	443	4000	32	28
513	4000	30	27	400	223	442
514	4000	31	27	400	224	442
515	4000	32	27	400	225	442
516	400	248	247	4300	36	70
517	400	249	247	4300	37	70
518	400	250	247	4300	38	70
530	4200	43	62	400	584	317
531	4200	44	62	400	585	317
532	4000	38	59	4020	1	10
533	4020	1	10	4000	38	59
534	4020	1	11	4000	38	59
535	4000	48	53	4008	4	9
536	4008	4	9	4000	48	53
537	4008	4	10	4000	48	53
538	4000	44	33	4010	1	9
539	4010	1	9	4000	44	33
540	4010	1	10	4000	44	33
541	4000	43	23	4001	9	16
542	4001	9	16	4000	43	23
543	4001	10	16	4000	43	23
544	4000	58	43	4012	1	9
545	4012	1	9	4000	58	43
546	4012	1	10	4000	58	43
547	4012	15	16	4013	7	1
548	4013	7	1	4012	15	16
549	4010	15	13	4011	15	11
550	4011	15	11	4010	15	13
551	4008	19	6	4009	8	4
552	4009	8	4	4008	19	6
553	4009	3	5	4022	12	6
554	4022	12	6	4009	3	5
555	4009	3	13	4021	12	6
556	4021	12	6	4009	3	13
557	4001	9	6	4002	7	4
558	4002	7	4	4001	9	6
559	4300	47	64	4310	1	8
560	4310	1	8	4300	47	64
561	4310	1	9	4300	47	64
562	4300	36	54	4312	6	13
563	4312	6	13	4300	36	54
564	4312	7	13	4300	36	54
565	4300	40	30	4320	11	17
566	4320	11	17	4300	40	30
567	4320	12	17	4300	40	30
568	4300	67	64	4308	5	8
569	4308	5	8	4300	67	64
570	4308	5	9	4300	67	64
571	4308	11	14	4309	5	7
572	4309	5	7	4308	11	14
573	4309	7	4	4322	7	12
574	4322	7	12	4309	7	4
575	4309	12	4	4321	7	12
576	4321	7	12	4309	12	4
577	4312	6	5	4313	6	13
578	4313	6	13	4312	6	5
579	4312	7	5	4313	6	13
580	4200	34	25	4210	1	9
581	4210	1	9	4200	34	25
582	4210	1	10	4200	34	25
583	4200	35	37	4220	1	10
584	4220	1	11	4200	35	37
585	4200	29	60	4212	1	6
586	4212	1	6	4200	29	60
587	4212	1	7	4200	29	60
590	4206	1	6	4200	68	51
593	4206	1	14	4200	68	54
594	4200	46	56	4208	6	7
595	4208	6	7	4200	46	56
596	4208	6	8	4200	46	56
597	4212	9	6	4213	1	6
598	4213	1	6	4212	9	6
599	4212	9	7	4213	1	7
600	4213	1	7	4212	9	7
601	4213	7	12	4214	7	1
602	4214	7	1	4213	7	12
603	4210	15	13	4211	15	11
604	4211	15	11	4210	15	13
607	4209	3	5	4221	11	6
608	4221	11	6	4209	3	5
609	4209	3	13	4222	12	6
610	4222	12	6	4209	3	13
611	1520	104	21	1502	9	16
625	2113	3	11	2198	9	5
626	2198	9	5	2113	3	11
627	2113	3	12	2198	9	6
628	2198	9	6	2113	3	12
631	2199	5	1	2198	8	2
632	2198	8	2	2199	5	1
635	2499	8	3	2412	22	9
636	2412	22	9	2499	8	3
637	3099	5	12	3012	17	6
638	3012	17	6	3099	5	12
641	4099	14	6	4012	13	7
642	4012	13	7	4099	14	6
643	4299	11	2	4214	12	6
644	4214	12	6	4299	11	2
645	4399	5	4	4313	9	9
646	4313	9	9	4399	5	4
648	1000	122	36	1810	10	17
649	1808	1	10	1000	124	189
650	1806	1	9	1000	117	99
658	1807	9	18	1000	121	17
659	1802	10	17	1000	202	59
660	1803	0	9	1000	96	119
661	20301	50	99	301	45	69
663	1804	0	9	1000	118	75
664	301	45	69	20301	50	99
686	15005	18	34	15003	49	46
687	15003	49	46	15005	18	34
688	15003	27	29	15004	24	13
689	15004	24	13	15003	27	29
690	15004	11	44	300	240	265
691	300	240	265	15004	11	44
694	15000	20	8	15001	38	79
695	15001	38	79	15000	20	8
696	15001	11	9	15002	14	41
697	15002	14	41	15001	11	9
698	15002	24	11	400	196	443
699	400	196	443	15002	24	11
702	11000	20	59	11001	34	14
703	11001	34	14	11000	20	59
704	11001	24	81	11002	35	10
705	11002	35	10	11001	24	81
706	11002	26	64	100	442	349
707	100	442	349	11002	26	64
710	11003	41	8	11004	62	65
711	11004	62	65	11003	41	8
714	11005	30	4	100	691	188
715	100	691	188	11005	30	4
718	13001	133	26	300	402	304
719	300	402	304	13001	133	26
722	14000	45	9	14001	14	68
723	14001	14	68	14000	45	9
724	14001	57	13	14002	30	44
725	14002	30	44	14001	57	13
741	1810	10	17	1000	122	36
742	1000	196	33	1811	2	9
743	1811	2	9	1000	196	33
744	1521	48	80	1520	70	15
759	11006	33	31	11007	40	34
760	11007	40	34	11006	33	31
761	11007	22	42	11008	22	40
762	11008	22	40	11007	22	42
763	11007	7	9	11008	7	9
764	11008	7	9	11007	7	9
765	11008	42	34	11009	42	33
766	11009	42	33	11008	42	34
767	11009	27	12	11010	27	12
768	11010	27	12	11009	27	12
769	11010	39	36	11011	35	38
770	11011	35	38	11010	39	36
782	14008	24	11	14009	29	24
783	14009	29	24	14008	24	11
792	14003	18	5	14004	21	36
793	14004	21	36	14003	18	5
796	100	509	153	1155	7	14
797	1155	7	14	100	509	153
798	1000	231	102	1156	13	26
799	1156	13	26	1000	231	102
804	100	595	84	2400	66	65
814	2412	6	13	2400	56	48
815	2400	56	48	2412	6	13
816	2412	6	14	2400	56	48
820	14010	7	33	400	260	359
821	14010	7	34	400	260	360
823	14010	27	11	14011	16	32
824	14011	16	32	14010	27	11
825	14011	34	12	14012	25	39
826	14012	25	39	14011	34	12
827	14012	16	9	14013	32	35
828	14013	32	35	14012	16	9
829	14013	34	9	14014	27	34
830	14014	27	34	14013	34	9
831	14014	24	8	14015	39	28
832	14015	39	28	14014	24	8
833	14015	18	28	14016	22	28
834	14016	22	28	14015	18	28
839	1000	95	49	1157	0	9
840	1157	0	9	1000	95	49
841	1000	117	57	1158	1	9
842	1158	1	9	1000	117	57
846	4130	25	11	4140	5	9
847	4140	5	9	4130	25	11
848	4140	5	10	4130	25	12
849	4130	25	12	4140	5	10
854	1158	15	5	11012	25	26
855	11012	25	26	1158	15	5
856	1157	9	2	11012	4	4
857	11012	4	4	1157	9	2
858	4130	25	32	4141	3	18
859	4141	3	18	4130	25	32
860	4141	3	19	4130	25	33
861	4130	25	33	4141	3	19
862	4130	20	22	4142	9	23
863	4142	9	23	4130	20	22
864	4142	9	24	4130	20	22
873	4130	8	22	4100	101	72
874	4100	101	72	4130	8	23
875	4130	8	23	4100	101	72
877	1000	119	130	1081	10	24
878	1000	102	131	1170	16	23
879	1170	16	23	1000	102	131
880	4143	14	25	4142	20	0
881	4142	20	0	4143	14	25
882	4142	19	0	4143	13	25
883	4143	13	25	4142	19	0
884	4142	20	47	4144	15	4
885	4144	15	4	4142	20	47
886	4144	14	4	4142	19	47
887	4142	19	47	4144	14	4
888	11013	22	22	11014	10	25
889	11014	10	25	11013	22	22
892	11013	9	5	11006	15	30
893	11006	15	30	11013	9	5
894	100	351	145	11013	12	29
895	11013	12	29	100	351	145
896	1207	14	21	1202	23	0
897	1202	23	0	1207	14	21
898	1000	216	158	1159	0	9
899	1159	0	9	1000	216	158
903	2201	13	16	2200	71	60
904	2200	71	60	2201	13	16
905	2201	12	16	2200	71	60
906	2201	15	5	2202	15	4
907	2202	15	4	2201	15	5
908	2211	2	11	2200	87	73
909	2200	87	73	2211	2	11
910	2211	2	12	2200	87	73
911	2212	2	22	2200	69	28
912	2200	69	28	2212	2	22
913	2212	2	23	2200	69	28
914	2220	1	10	2200	77	47
915	2200	77	47	2220	1	10
916	2220	1	11	2200	77	47
926	1531	44	15	1530	27	8
927	1530	27	8	1531	44	15
928	1530	3	7	1500	47	85
929	1500	47	85	1530	3	7
932	1520	45	20	1522	25	24
933	1522	25	24	1520	45	20
934	2012	14	17	2099	12	17
935	2099	12	17	2012	14	17
936	2312	8	10	2399	7	3
937	2399	7	3	2312	8	10
938	1531	23	19	11015	31	48
939	11015	31	48	1531	23	19
940	1537	27	8	1531	44	15
941	1536	27	8	1531	44	15
942	1535	27	8	1531	44	15
943	1534	27	8	1531	44	15
944	1533	27	8	1531	44	15
945	1533	3	7	1500	47	85
946	1534	3	7	1500	47	85
947	1535	3	7	1500	47	85
948	1536	3	7	1500	47	85
949	1537	3	7	1500	47	85
950	11019	27	5	11018	16	10
951	11018	16	10	11019	27	5
952	1000	200	132	1153	8	14
953	1153	8	14	1000	200	132
954	100	446	101	11020	10	23
955	11020	10	23	100	446	101
956	100	421	308	11021	25	14
957	11021	25	14	100	421	308
958	100	301	146	100	298	148
960	1160	2	13	100	299	148
968	1000	132	132	1161	12	19
969	1161	12	19	1000	132	132
970	1000	117	112	1162	0	9
971	1162	0	9	1000	117	112
973	3300	11	26	300	571	358
974	3300	54	66	300	596	381
975	3300	67	27	300	624	358
976	3300	67	28	300	624	358
977	3300	39	15	300	596	334
981	2101	19	17	2100	62	42
982	2100	62	42	2101	19	17
983	2101	18	17	2100	62	42
984	2100	56	42	2101	6	17
985	2101	6	17	2100	56	42
986	2101	7	17	2100	56	42
987	1154	33	27	1164	20	24
988	1164	20	24	1154	33	27
989	1164	20	25	1154	33	27
990	2000	32	65	2002	7	19
991	2002	7	19	2000	32	65
993	1000	195	97	1185	3	9
994	1185	3	9	1000	195	97
995	1000	182	132	1187	15	25
996	1187	15	25	1000	182	132
997	1187	16	7	1188	15	9
998	1188	15	9	1187	16	7
1004	1000	132	175	1182	9	15
1005	1182	9	15	1000	132	175
1006	1182	8	15	1000	132	175
1007	1000	190	133	1181	8	16
1008	1181	8	16	1000	190	133
1009	1000	171	132	1180	14	20
1010	1180	14	20	1000	171	132
1011	1000	117	49	1190	1	9
1012	1190	1	9	1000	117	49
1013	1000	202	155	1186	9	16
1014	1186	9	16	1000	202	155
1015	1000	216	124	1189	4	14
1016	1189	4	14	1000	216	124
1017	1000	192	171	1191	3	9
1018	1191	3	9	1000	192	171
1038	1000	217	52	1062	3	12
1039	1062	3	12	1000	217	52
1040	1000	217	53	1062	3	13
1041	1062	3	13	1000	217	53
1042	1000	238	64	1154	7	29
1043	1154	7	29	1000	238	64
1044	100	672	223	11003	9	37
1045	11003	9	37	100	672	223
1170	11015	10	2	1538	16	2
1171	1538	16	2	11015	10	2
1172	1538	15	2	11015	9	2
1173	11015	9	2	1538	15	2
1194	20301	50	15	20302	50	15
1195	20302	50	15	20301	50	15
1196	20301	11	69	20302	11	59
1197	20302	11	59	20301	11	69
1198	20301	11	37	20302	11	24
1199	20302	11	24	20301	11	37
1200	20301	88	37	20302	88	24
1201	20302	88	24	20301	88	37
1202	20301	88	69	20302	88	59
1203	20302	88	59	20301	88	69
1204	20302	15	38	20303	15	44
1205	20303	15	44	20302	15	38
1206	20302	50	62	20303	50	43
1207	20303	50	43	20302	50	62
1208	20302	29	6	20303	29	6
1209	20303	29	6	20302	29	6
1210	20302	71	6	20303	71	6
1211	20303	71	6	20302	71	6
1212	20303	25	81	20304	28	81
1213	20304	28	81	20303	25	81
1214	20303	35	81	20304	37	81
1215	20304	37	81	20303	35	81
1216	20303	66	81	20304	63	81
1217	20304	63	81	20303	66	81
1218	20304	72	81	20303	76	81
1219	20303	76	81	20304	72	81
1220	20303	88	29	20304	89	30
1221	20304	89	30	20303	88	29
1222	20304	11	30	20305	11	30
1223	20305	11	30	20304	11	30
1224	20304	94	74	20305	94	74
1225	20305	94	74	20304	94	74
1226	20304	38	58	20305	38	58
1227	20305	38	58	20304	38	58
1228	20304	62	58	20305	62	58
1229	20305	62	58	20304	62	58
1232	20304	29	6	20305	26	6
1233	20305	26	6	20304	29	6
1234	20304	71	6	20305	74	6
1235	20305	74	6	20304	71	6
1240	20305	36	83	20306	36	83
1241	20306	36	83	20305	36	83
1242	20305	63	83	20306	63	83
1243	20306	63	83	20305	63	83
1244	20306	74	10	20307	74	13
1245	20307	74	13	20306	74	10
1246	20306	27	10	20307	27	13
1247	20307	27	13	20306	27	10
1250	20307	90	25	20308	90	25
1251	20308	90	25	20307	90	25
1252	20307	50	85	20308	50	85
1253	20308	50	85	20307	50	85
1254	20308	28	81	20309	28	81
1255	20309	28	81	20308	28	81
1256	20308	72	81	20309	72	81
1257	20309	72	81	20308	72	81
1258	20308	8	65	20309	10	65
1259	20309	10	65	20308	8	65
1262	20310	12	24	20309	27	53
1263	20309	27	53	20310	12	24
1264	20309	51	48	20308	50	47
1265	20308	50	47	20309	51	48
1266	20308	51	34	20309	50	28
1267	20309	50	28	20308	51	34
1268	20307	10	25	20308	10	25
1269	20308	10	25	20307	10	25
1270	20308	27	8	20309	27	8
1271	20309	27	8	20308	27	8
1272	20308	74	8	20309	74	8
1273	20309	74	8	20308	74	8
1274	20309	27	25	20310	15	7
1275	20310	15	7	20309	27	25
1276	20309	51	8	20310	37	3
1277	20310	37	3	20309	51	8
1278	20309	79	28	20310	61	12
1279	20310	61	12	20309	79	28
1280	20308	74	53	20309	74	53
1281	20309	74	53	20308	74	53
1287	2301	14	4	2302	11	5
1288	2302	11	5	2301	14	4
1289	2303	23	4	2302	9	3
1290	2302	9	3	2303	23	4
1291	20101	71	9	20102	69	9
1292	20102	69	9	20101	71	9
1293	20101	15	29	20102	11	28
1294	20102	11	28	20101	15	29
1295	20101	15	44	20102	11	44
1296	20102	11	44	20101	15	44
1297	20101	71	63	20102	69	62
1298	20102	69	62	20101	71	63
1305	20102	51	6	20103	52	6
1306	20103	52	6	20102	51	6
1307	20102	29	9	20103	31	6
1308	20103	31	6	20102	29	9
1309	20102	28	62	20103	31	66
1310	20103	31	66	20102	28	62
1311	20102	51	67	20103	52	66
1312	20103	52	66	20102	51	67
1315	20102	71	28	20103	67	28
1316	20103	67	28	20102	71	28
1317	20102	27	30	20103	27	27
1318	20103	27	27	20102	27	30
1319	20102	27	44	20103	27	44
1320	20103	27	44	20102	27	44
1321	20103	71	28	20104	67	27
1322	20104	67	27	20103	71	28
1323	20103	71	45	20104	67	44
1324	20104	67	44	20103	71	45
1325	20103	35	28	20104	26	27
1326	20104	26	27	20103	35	28
1327	20103	35	45	20104	26	44
1328	20104	26	44	20103	35	45
1329	20104	66	7	20105	68	10
1330	20105	68	10	20104	66	7
1331	20104	53	28	20105	47	27
1332	20105	47	27	20104	53	28
1333	20104	53	45	20105	47	44
1334	20105	47	44	20104	53	45
1335	20104	36	10	20105	30	9
1336	20105	30	9	20104	36	10
1337	20104	11	28	20105	8	27
1338	20105	8	27	20104	11	28
1341	20105	71	28	20106	66	27
1342	20106	66	27	20105	71	28
1343	20105	71	45	20106	66	44
1344	20106	66	44	20105	71	45
1345	20105	52	26	20106	47	25
1346	20106	47	25	20105	52	26
1353	20105	11	66	20106	10	64
1354	20106	10	64	20105	11	66
1361	20106	26	9	20107	28	9
1362	20107	28	9	20106	26	9
1375	20108	28	3	20109	28	11
1376	20109	28	11	20108	28	3
1387	15506	16	3	100	544	35
1391	1184	14	5	1183	17	7
1392	1183	17	7	1184	15	5
1393	1184	15	5	1183	17	7
1395	1193	24	23	1194	23	21
1396	1194	23	21	1193	24	23
1398	1193	3	15	1000	96	149
1399	1193	3	14	1000	96	148
1401	11004	16	11	11005	21	39
1402	11005	21	39	11004	16	11
1403	2801	2	10	2000	55	64
1404	2803	10	18	2300	13	106
1405	2804	2	10	2300	64	79
1407	2808	2	9	2100	34	77
1408	2807	10	17	2100	41	65
1409	2805	10	16	2100	25	35
1410	2800	10	18	2400	37	71
1414	2802	0	9	2300	63	93
1415	2806	2	10	2100	49	72
1434	1165	7	18	1154	43	26
1435	1154	43	26	1165	8	18
1436	1165	8	18	1154	43	26
1437	3806	10	14	3000	36	64
1438	3804	3	10	3000	76	79
1439	3805	12	16	3000	85	69
1440	3801	12	16	3200	56	86
1441	3802	3	9	3200	69	89
1442	3803	10	16	3200	38	58
1443	3807	2	11	3200	37	70
1446	1183	15	25	1000	106	38
1447	1000	106	38	1183	15	25
1449	15509	16	4	1000	106	31
1450	11000	8	10	11022	51	16
1451	11022	51	16	11000	8	10
1452	11022	55	53	11002	10	59
1453	11002	10	59	11022	55	53
1454	15501	16	9	2100	25	45
1459	15502	10	10	15501	8	13
1460	15501	8	13	15502	10	10
1464	11000	20	14	100	471	317
1467	15504	23	6	2100	25	45
1479	11023	7	21	11023	4	11
1480	11023	4	11	11023	7	21
1491	3210	3	9	3200	64	56
1492	3210	3	10	3200	64	56
1493	3213	7	13	3212	10	2
1502	15513	3	9	3200	64	56
1503	15513	3	10	3200	64	56
1504	15514	7	13	3212	10	2
1509	15515	7	13	15516	10	2
1510	15516	10	2	15515	7	13
1511	15516	10	15	3214	7	1
1512	15516	1	8	3200	50	63
1513	15516	1	9	3200	50	63
1514	3212	1	8	3200	50	63
1520	16502	11	7	16500	15	25
1521	16500	15	25	16502	11	7
1535	16502	39	34	100	549	43
1536	16501	39	34	100	549	43
1537	11023	42	42	100	699	197
1538	100	699	197	11023	42	42
1539	11024	15	22	100	342	172
1540	100	342	172	11024	15	22
1547	11025	6	3	11027	21	25
1548	11027	21	25	11025	6	3
1563	11500	6	3	11502	21	24
1564	11502	21	24	11500	6	3
1567	11500	29	3	11501	33	30
1568	11501	33	30	11500	29	3
1577	15519	24	34	15518	49	55
1578	15518	49	55	15519	24	34
1584	15518	49	19	15519	23	5
1585	15519	23	5	15518	49	19
1588	15518	59	47	15518	49	36
1589	15518	49	36	15518	59	47
1592	15519	37	10	15518	73	18
1593	15518	73	18	15519	37	10
1594	15518	29	32	15519	16	16
1595	15519	16	16	15518	29	32
1596	15519	35	34	15518	69	65
1597	15518	69	65	15519	35	34
1598	15518	16	67	15519	9	31
1599	15519	9	31	15518	16	67
1600	15519	8	6	15518	17	18
1601	15518	17	18	15519	8	6
1602	15520	49	55	300	222	222
1605	300	275	294	3200	60	46
1606	300	274	294	3200	59	46
1607	300	273	294	3200	58	46
1608	3200	60	45	300	275	293
1609	3200	59	45	300	274	293
1610	3200	58	45	300	273	293
1611	300	294	324	3200	78	75
1612	300	294	325	3200	78	76
1613	300	294	326	3200	78	77
1614	3200	79	75	300	295	324
1615	3200	79	76	300	295	325
1616	3200	79	77	300	295	326
1625	3208	2	4	3200	46	78
1626	3208	2	3	3200	46	78
1627	3200	46	78	3208	2	3
1628	3214	5	3	3299	7	6
1629	3299	7	6	3214	5	3
1639	3008	3	4	3000	51	34
1640	3008	3	3	3000	51	34
1641	3000	51	34	3008	3	3
1642	300	704	147	3000	48	76
1643	300	703	147	3000	47	76
1644	300	702	147	3000	46	76
1645	3000	48	77	300	704	148
1646	3000	47	77	300	703	148
1647	3000	46	77	300	702	148
1648	15005	10	5	100	343	497
1649	100	343	497	15005	10	5
1650	3352	9	16	3350	14	1
1651	3353	2	8	3350	11	14
1654	15517	39	15	300	222	222
1655	21001	23	33	21000	51	65
1656	21000	51	65	21001	23	33
1657	21000	15	55	21003	19	50
1658	21003	19	50	21000	15	55
1659	21002	57	5	21003	66	6
1660	21003	66	6	21002	57	5
1661	21004	23	33	21000	51	65
1673	21002	43	56	2303	23	39
1674	11014	22	19	11014	22	21
1675	11014	23	19	11014	23	21
1676	3350	1	6	300	349	261
1677	300	349	261	3350	1	6
1678	16507	7	4	15003	34	7
1681	21501	10	16	1000	61	63
1682	1000	61	63	21501	10	16
1683	11500	35	31	11014	23	13
1684	11014	23	13	11500	35	31
1685	21500	27	43	11015	7	52
1686	11015	7	52	21500	27	43
1687	3300	40	39	3301	4	3
1688	3301	4	3	3300	40	39
1694	5001	3	9	13009	57	42
1695	13009	57	42	5001	3	8
1696	5001	3	8	13009	57	42
1697	5001	8	3	5002	7	5
1698	5002	7	5	5001	8	3
1699	13009	37	69	13008	20	12
1700	13008	20	12	13009	37	69
1705	13005	15	8	13004	80	10
1706	13004	80	10	13005	15	8
1707	13005	38	42	13006	21	13
1708	13006	21	13	13005	38	42
1711	13003	64	65	13002	45	7
1712	13002	45	7	13003	64	65
1715	13007	38	9	13008	57	35
1716	13008	57	35	13007	38	9
1717	13004	28	16	13007	9	32
1718	13007	9	32	13004	28	16
1719	13010	37	20	13011	18	65
1720	13011	18	65	13010	37	20
1723	13010	14	67	13012	8	5
1724	13012	8	5	13010	14	67
1725	13012	7	23	13013	23	6
1726	13013	23	6	13012	7	23
1727	13013	24	21	13014	45	9
1728	13014	45	9	13013	24	21
1729	13008	9	29	13011	66	9
1730	13011	66	9	13008	9	29
1733	13002	75	83	300	202	235
1734	300	148	199	5003	2	10
1735	5003	2	10	300	148	199
1736	300	187	229	13014	6	64
1737	13014	6	64	300	187	229
1738	13003	32	72	13004	22	52
1739	13004	22	52	13003	32	72
1741	3221	10	15	3200	50	54
1742	3200	50	54	3221	9	15
1743	3221	9	15	3200	50	54
1744	13001	18	6	300	356	334
1745	300	356	334	13001	18	6
1802	1405	11	60	1405	5	94
1803	1405	15	16	1405	5	94
1804	1405	4	28	1405	5	94
1805	1405	23	72	1405	5	94
1806	1405	23	28	1405	5	94
1807	1405	67	36	1405	96	3
1808	1405	59	28	1405	96	3
1809	1405	51	60	1405	5	94
1810	1405	31	16	1405	96	3
1811	1405	21	3	1405	96	3
1812	1405	47	3	1405	96	3
1813	1405	39	12	1405	96	3
1814	1405	54	41	1405	96	3
1815	1405	42	45	1405	5	94
1816	1405	96	3	1405	5	94
1817	1405	5	94	1405	96	3
1852	21007	9	5	21005	29	5
1853	21005	29	5	21007	9	5
1854	21008	24	40	21005	43	44
1855	21005	43	44	21008	24	40
1860	21007	37	44	21005	58	66
1861	21005	58	66	21007	37	44
1899	15006	11	9	15002	14	41
1900	15006	38	79	15000	20	8
1901	15006	38	37	15007	0	16
1902	15007	0	16	15006	38	37
1903	15007	11	0	15008	11	19
1904	15008	11	19	15007	11	0
1905	15007	10	0	15008	10	19
1906	15008	10	19	15007	10	0
1907	15008	9	19	15007	10	0
1914	15011	11	19	15008	11	0
1915	15011	10	19	15008	10	0
1916	15011	9	19	15008	9	0
1917	15012	11	19	15008	11	0
1918	15012	10	19	15008	10	0
1919	15012	9	19	15008	9	0
1920	21005	33	22	21007	10	17
1921	21005	59	40	21007	41	23
1922	21007	41	23	21005	59	40
1923	21005	59	58	21006	20	58
1924	21006	20	58	21005	59	58
1925	21005	33	10	21006	46	10
1926	21006	46	10	21005	33	10
1927	21008	43	5	21005	59	6
1928	21005	59	6	21008	43	5
1929	15008	1	11	15010	19	10
1930	15008	19	11	15009	0	10
1931	15008	1	10	15010	19	10
1932	15010	19	10	15008	1	10
1933	15008	1	9	15010	19	10
1934	15008	19	10	15009	0	10
1935	15009	0	10	15008	19	10
1936	15008	19	9	15009	0	10
1957	21011	17	20	21009	16	22
1958	21009	16	22	21011	17	20
1961	21008	33	22	21010	29	21
1962	21010	29	21	21008	33	22
1963	21008	33	51	21010	31	36
1964	21010	31	36	21008	33	51
1971	21008	16	9	21009	33	9
1972	21009	33	9	21008	16	9
1975	21009	6	5	21006	21	6
1976	21006	21	6	21009	6	5
1979	21006	59	11	21005	20	11
1980	21005	20	11	21006	59	11
1981	21009	45	10	21008	4	9
1982	21008	4	9	21009	45	10
1983	21006	37	44	21009	25	41
1984	21009	25	41	21006	37	44
1985	21009	16	51	21011	14	36
1986	21011	14	36	21009	16	51
1987	21011	31	30	21010	14	30
1988	21010	14	30	21011	31	30
1989	21011	28	21	21009	44	22
1990	21009	44	22	21011	28	21
1991	21008	5	23	21010	17	21
1992	21010	17	21	21008	5	23
1993	16512	26	12	16513	14	27
1994	16513	14	27	16512	26	12
1995	16510	25	21	400	135	333
1996	400	135	333	16510	25	21
1998	21009	17	61	21008	32	60
1999	21008	32	60	21009	17	61
2000	21008	44	63	21009	5	63
2001	21009	5	63	21008	44	63
2002	21006	27	67	21005	52	67
2003	21005	52	67	21006	27	67
2004	15000	22	33	100	201	166
2005	21013	43	44	21012	24	40
2006	21012	24	40	21013	43	44
2007	21013	18	34	1000	96	148
2008	21013	18	35	1000	96	149
2009	21005	18	34	1000	96	148
2010	21005	18	35	1000	96	149
2015	13500	9	23	13501	13	2
2016	13501	13	2	13500	9	23
2017	13501	40	32	13502	7	9
2018	13502	7	9	13501	40	32
2022	13504	11	64	13502	45	24
2023	13503	11	64	13502	45	24
2029	300	671	157	13015	8	23
2030	13015	8	23	300	671	157
2031	1400	2	15	1404	19	5
2032	1404	19	5	1400	2	15
2033	1400	2	14	1404	19	4
2034	1404	19	4	1400	2	14
2035	15521	6	4	100	648	268
2041	4230	6	7	4201	46	56
2042	4201	46	56	4230	6	7
2054	4200	30	21	400	571	274
2055	4200	29	21	400	570	274
2056	4200	28	21	400	569	274
2057	4201	30	21	400	571	274
2058	4201	29	21	400	570	274
2059	4201	28	21	400	569	274
2060	4201	44	62	400	585	317
2061	4201	43	62	400	584	317
2064	4221	7	3	14017	3	18
2065	14017	3	18	4221	7	3
2071	1413	96	3	1413	5	94
2072	1413	5	94	1413	96	3
2073	1413	73	99	1413	73	0
2074	1413	73	0	1413	73	99
2076	1413	72	0	1413	72	99
2077	1413	72	99	1413	72	0
2078	1413	53	99	1413	53	0
2079	1413	53	0	1413	53	99
2080	1413	52	0	1413	52	99
2081	1413	52	99	1413	52	0
2082	1413	33	0	1413	33	99
2083	1413	33	99	1413	33	0
2084	1413	32	99	1413	32	0
2085	1413	32	0	1413	32	99
2086	1413	0	26	1413	99	26
2087	1413	99	26	1413	0	26
2088	1413	99	27	1413	0	27
2089	1413	0	27	1413	99	27
2090	1413	0	51	1413	99	51
2091	1413	99	51	1413	0	51
2092	1413	99	52	1413	0	52
2093	1413	0	52	1413	99	52
2094	1413	0	76	1413	99	76
2095	1413	99	76	1413	0	76
2096	1413	99	77	1413	0	77
2097	1413	0	77	1413	99	77
2098	1412	5	94	1412	96	3
2099	1412	96	3	1412	5	94
2100	14019	12	4	14019	8	5
2101	14019	5	4	14019	2	4
2102	14019	7	4	14019	2	4
2103	14019	8	4	14019	2	4
2104	14019	10	4	14019	2	4
2105	14019	11	5	14019	2	4
2106	14019	9	5	14019	2	4
2107	14019	11	6	14019	2	4
2108	14019	10	6	14019	2	4
2109	14019	11	7	14019	2	4
2110	14019	9	7	14019	2	4
2111	14019	8	7	14019	2	4
2112	14019	7	7	14019	2	4
2113	14019	6	5	14019	2	4
2114	14019	6	6	14019	2	4
2115	14019	5	7	14019	2	4
2116	14019	4	6	14019	2	4
2117	14019	3	5	14019	2	4
2118	14019	2	7	14019	2	4
2119	14019	12	8	14020	2	3
2120	14020	2	3	14019	12	8
2121	14020	12	3	14020	8	4
2122	14020	6	3	14020	12	4
2123	14020	11	3	14020	7	5
2124	14020	11	4	14020	6	5
2125	14020	11	5	14020	4	3
2126	14020	9	4	14020	10	3
2127	14020	3	4	14020	10	4
2128	14020	7	4	14020	10	5
2129	14020	6	4	14020	9	3
2130	14020	3	5	14020	9	5
2131	14020	8	3	14020	5	5
2132	14020	5	4	14020	8	5
2133	14020	7	3	14020	4	5
2134	14020	4	4	14020	2	5
2135	14020	3	3	14020	2	4
2138	14021	2	2	14020	12	5
2139	14020	12	5	14021	2	2
2140	14021	12	11	14022	2	1
2141	14022	2	1	14021	12	11
2142	14022	2	3	14021	12	10
2143	14022	3	2	14021	12	10
2144	14022	3	3	14021	12	10
2145	14022	4	3	14021	12	10
2146	14022	5	2	14021	12	10
2147	14022	5	3	14021	12	10
2148	14022	6	3	14021	12	10
2149	14022	7	3	14021	12	10
2150	14022	7	2	14021	12	10
2151	14022	8	3	14021	12	10
2152	14022	9	3	14021	12	10
2153	14022	9	2	14021	12	10
2154	14022	10	2	14021	12	10
2155	14022	11	2	14021	12	10
2156	14022	11	3	14021	12	10
2157	14022	12	3	14021	12	10
2158	14022	11	4	14021	12	10
2159	14022	11	5	14021	12	10
2160	14022	10	5	14021	12	10
2161	14022	9	5	14021	12	10
2162	14022	8	5	14021	12	10
2163	14022	8	4	14021	12	10
2164	14022	7	5	14021	12	10
2165	14022	6	5	14021	12	10
2166	14022	5	5	14021	12	10
2167	14022	4	5	14021	12	10
2168	14022	3	4	14021	12	10
2169	14022	3	5	14021	12	10
2170	14022	3	6	14021	12	10
2171	14022	5	6	14021	12	10
2172	14022	6	6	14021	12	10
2173	14022	8	6	14021	12	10
2174	14022	10	6	14021	12	10
2175	14022	12	6	14021	12	10
2176	14022	12	7	14021	12	10
2177	14022	12	8	14021	12	10
2178	14022	11	8	14021	12	10
2179	14022	10	7	14021	12	10
2180	14022	10	8	14021	12	10
2181	14022	9	7	14021	12	10
2182	14022	8	7	14021	12	10
2184	14022	7	7	14021	12	10
2185	14022	6	7	14021	12	10
2186	14022	5	7	14021	12	10
2187	14022	4	7	14021	12	10
2188	14022	3	7	14021	12	10
2189	14022	2	7	14021	12	10
2190	14022	3	8	14021	12	10
2191	14022	6	8	14021	12	10
2192	14022	8	8	14021	12	10
2194	14022	11	10	14021	12	10
2195	14022	10	10	14021	12	10
2196	14022	10	9	14021	12	10
2197	14022	9	9	14021	12	10
2198	14022	11	11	14021	12	10
2199	14022	8	9	14021	12	10
2200	14022	8	10	14021	12	10
2201	14022	8	11	14021	12	10
2202	14022	7	10	14021	12	10
2203	14022	6	9	14021	12	10
2204	14022	6	10	14021	12	10
2205	14022	6	11	14021	12	10
2206	14022	5	9	14021	12	10
2207	14022	5	11	14021	12	10
2208	14022	4	9	14021	12	10
2209	14022	4	10	14021	12	10
2210	14022	4	11	14021	12	10
2211	14022	3	9	14021	12	10
2212	14022	3	11	14021	12	10
2215	14022	2	9	14021	12	10
2217	14022	2	11	14021	12	10
2218	14022	12	10	14021	12	10
2219	14021	3	2	14021	8	2
2220	14021	3	3	14021	7	8
2221	14021	2	3	14021	3	4
2222	14021	2	4	14021	10	2
2223	14021	4	2	14021	5	7
2224	14021	6	2	14021	6	9
2225	14021	7	3	14021	8	5
2226	14021	10	3	14021	8	6
2227	14021	11	3	14021	4	8
2228	14021	12	3	14021	3	8
2229	14021	12	4	14021	3	5
2230	14021	12	6	14021	6	4
2231	14021	12	7	14021	9	3
2232	14021	11	9	14021	2	9
2233	14021	11	8	14021	4	6
2234	14021	11	7	14021	5	9
2235	14021	10	8	14021	4	3
2236	14021	9	9	14021	7	6
2237	14021	9	8	14021	8	4
2238	14021	9	7	14021	5	2
2239	14021	10	6	14021	2	6
2240	14021	11	5	14021	10	9
2241	14021	9	4	14021	11	4
2242	14021	10	4	14021	12	8
2243	14021	7	7	14021	6	3
2244	14021	7	9	14021	11	6
2245	14021	5	9	14021	12	2
2246	14021	5	8	14021	2	8
2247	14021	4	9	14021	5	5
2248	14021	2	7	14021	9	6
2249	14021	5	4	14021	8	8
2250	14021	7	5	14021	4	7
2251	14021	6	5	14021	12	5
2252	14021	5	6	14021	4	4
2253	14021	3	6	14021	10	5
2256	14017	23	11	14025	4	14
2257	14025	4	14	14017	23	11
2258	14025	3	14	14017	23	11
2560	14022	12	12	14023	6	1
2563	14023	7	15	14025	17	3
2564	14025	17	3	14023	7	15
2573	13016	10	37	13017	10	11
2574	13017	10	11	13020	10	37
2575	13020	10	37	13017	10	11
2576	13016	73	30	13019	7	6
2577	13019	7	6	13020	73	30
2578	13020	73	30	13019	7	6
2579	13020	66	33	13018	34	12
2582	13021	34	12	13016	66	33
2584	13018	34	12	13020	66	33
2585	4209	7	10	4230	22	12
2587	14021	6	7	14021	9	2
2591	13016	66	33	13018	34	12
2592	13016	38	2	13022	14	13
2593	13022	14	13	13016	38	2
2594	13020	38	2	13022	14	13
2604	14037	20	18	14039	14	2
2605	14037	21	18	14039	14	2
2606	14038	20	18	14039	13	2
2607	14038	21	18	14039	14	2
2608	14039	6	21	400	590	314
2613	16514	12	17	16512	12	52
2614	16514	11	17	16512	11	52
2620	1424	9	2	1423	0	9
2621	1423	0	9	1424	9	2
2622	1424	9	3	1423	0	10
2623	1423	0	10	1424	9	3
2624	1424	9	4	1423	0	10
2625	1424	9	7	1420	9	1
2626	1424	9	8	1420	9	1
2627	1424	9	9	1420	9	1
2628	1424	9	12	1421	3	1
2629	1424	9	13	1421	3	1
2630	1424	9	14	1421	3	1
2631	1424	9	17	1422	9	1
2633	1424	9	18	1422	9	1
2634	1424	9	19	1422	9	1
2635	11028	8	4	11004	9	9
2716	24004	14	28	24004	19	26
2717	24004	19	26	24004	14	28
2718	24004	19	27	24004	14	29
2719	24004	14	29	24004	19	27
2720	24004	59	10	24004	60	3
2721	24004	60	3	24004	59	10
2740	24004	75	82	24004	76	76
2741	24004	76	76	24004	75	82
2742	24004	95	71	24004	95	65
2743	24004	95	65	24004	95	71
2758	24003	73	19	24003	81	17
2759	24003	81	17	24003	73	19
2760	24003	73	20	24003	81	18
2761	24003	81	18	24003	73	20
2762	24003	73	81	24003	81	79
2763	24003	81	79	24003	73	81
2764	24003	73	82	24003	81	80
2765	24003	81	80	24003	73	82
2766	24003	102	75	24003	93	78
2767	24003	93	78	24003	102	75
2768	24003	102	74	24003	93	77
2769	24003	93	77	24003	102	74
2800	24003	24	24	24003	24	19
2801	24003	24	19	24003	24	24
2802	24003	24	76	24003	24	71
2803	24003	24	71	24003	24	76
2804	24004	7	54	24004	7	49
2805	24004	7	49	24004	7	54
2808	24004	39	56	24004	45	56
2809	24004	45	56	24004	39	56
2812	24004	124	83	24004	124	75
2813	24004	124	75	24004	124	83
2814	24004	31	70	24004	31	65
2815	24004	31	65	24004	31	70
2843	24005	83	95	24005	88	94
2844	24005	88	94	24005	83	95
2847	24005	140	28	24005	135	33
2848	24005	135	33	24005	140	28
2849	24005	140	29	24005	134	33
2850	24005	134	33	24005	140	29
2855	24005	47	80	24005	56	80
2856	24005	56	80	24005	47	80
2857	24005	71	59	24005	78	59
2858	24005	78	59	24005	71	59
2859	24005	130	81	24005	121	81
2860	24005	121	81	24005	130	81
2861	24005	121	60	24005	130	60
2862	24005	130	60	24005	121	60
2865	24005	130	38	24005	121	38
2866	24005	121	38	24005	130	38
2867	24005	130	15	24005	121	15
2868	24005	121	15	24005	130	15
2869	24005	106	15	24005	98	15
2870	24005	98	15	24005	106	15
2871	24005	98	38	24005	106	38
2872	24005	106	38	24005	98	38
2873	24005	98	60	24005	106	60
2874	24005	106	60	24005	98	60
2875	24005	98	81	24005	106	81
2876	24005	106	81	24005	98	81
2877	24005	76	82	24005	78	77
2878	24005	78	77	24005	76	82
2879	24005	32	59	24005	23	59
2880	24005	23	59	24005	32	59
2881	24005	23	37	24005	32	37
2882	24005	32	37	24005	23	37
2883	24005	23	14	24005	32	14
2884	24005	32	14	24005	23	14
2885	24005	47	59	24005	56	59
2886	24005	56	59	24005	47	59
2889	24005	13	53	24005	13	46
2890	24005	13	46	24005	13	53
2893	24005	37	31	24005	37	23
2894	24005	37	23	24005	37	31
2901	24005	111	32	24005	111	24
2902	24005	111	24	24005	111	32
2911	24005	135	54	24005	135	47
2912	24005	135	47	24005	135	54
2913	24005	76	30	24005	78	25
2914	24005	78	25	24005	76	30
2915	24004	67	33	24004	61	35
2916	24004	61	35	24004	67	33
2917	24004	67	34	24004	61	36
2918	24004	61	36	24004	67	34
2935	24004	75	76	24004	74	82
2936	24004	74	82	24004	75	76
2937	24004	123	83	24004	123	75
2938	24004	123	75	24004	123	83
2939	24004	128	43	24004	135	42
2940	24004	135	42	24004	128	43
2941	24004	135	43	24004	128	44
2942	24004	128	44	24004	135	43
2955	24004	94	71	24004	95	65
2958	24004	39	57	24004	45	57
2959	24004	45	57	24004	39	57
2960	24004	58	10	24004	60	3
2962	24004	101	22	24004	101	16
2963	24004	101	16	24004	101	22
2964	24004	100	22	24004	100	16
2965	24004	100	16	24004	100	22
2967	24004	58	51	24004	58	47
2968	24004	58	47	24004	58	51
2969	24005	23	60	24005	32	60
2970	24005	32	60	24005	23	60
2971	24005	12	53	24005	12	46
2972	24005	12	46	24005	12	53
2975	24005	23	15	24005	32	15
2976	24005	32	15	24005	23	15
2977	24005	23	38	24005	32	38
2978	24005	32	38	24005	23	38
2984	24005	47	60	24005	56	60
2985	24005	56	60	24005	47	60
2988	24005	36	31	24005	36	23
2989	24005	36	23	24005	36	31
2994	24005	47	81	24005	56	81
2995	24005	56	81	24005	47	81
3002	24005	61	31	24005	62	23
3003	24005	62	23	24005	61	31
3004	24005	61	23	24005	60	31
3005	24005	60	31	24005	61	23
3006	24005	13	31	24005	13	23
3007	24005	13	23	24005	13	31
3008	24005	12	31	24005	12	23
3009	24005	12	23	24005	12	31
3010	24005	61	53	24005	61	46
3011	24005	61	46	24005	61	53
3012	24005	60	46	24005	60	53
3013	24005	60	53	24005	60	46
3020	24005	98	61	24005	106	61
3021	24005	106	61	24005	98	61
3022	24005	98	39	24005	106	38
3023	24005	110	32	24005	110	24
3024	24005	110	24	24005	110	32
3025	24005	121	16	24005	130	16
3026	24005	130	16	24005	121	16
3027	24005	121	39	24005	130	38
3028	24005	121	61	24005	130	60
3032	24003	97	33	24003	103	33
3033	24003	103	33	24003	97	33
3034	24003	97	34	24003	103	34
3035	24003	103	34	24003	97	34
3054	24005	71	60	24005	78	60
3055	24005	78	60	24005	71	60
3056	24005	98	82	24005	106	82
3057	24005	106	82	24005	98	82
3058	24005	98	16	24005	106	16
3059	24005	106	16	24005	98	16
3064	24005	134	54	24005	134	47
3065	24005	134	47	24005	134	54
3068	24005	47	14	24005	56	14
3069	24005	56	14	24005	47	14
3070	24005	47	15	24005	56	15
3071	24005	56	15	24005	47	15
3072	24005	111	54	24005	111	47
3073	24005	111	47	24005	111	54
3075	24005	110	54	24005	110	47
3076	24005	110	47	24005	110	54
3077	24005	121	82	24005	130	82
3078	24005	130	82	24005	121	82
3085	24004	15	52	24004	22	52
3086	24004	22	52	24004	15	52
3087	24004	22	53	24004	15	53
3088	24004	15	53	24004	22	53
3089	24005	37	75	24005	37	68
3090	24005	37	68	24005	37	75
3091	24005	36	75	24005	36	68
3092	24005	36	68	24005	36	75
3101	24005	37	53	24005	37	46
3102	24005	37	46	24005	37	53
3103	24005	36	53	24005	36	46
3104	24005	36	46	24005	36	53
3105	24005	61	75	24005	61	68
3106	24005	61	68	24005	61	75
3107	24005	60	75	24005	60	68
3108	24005	60	68	24005	60	75
3109	24005	89	76	24005	91	69
3110	24005	91	69	24005	89	76
3111	24005	88	76	24005	90	69
3112	24005	90	69	24005	88	76
3113	24005	110	76	24005	110	69
3114	24005	110	69	24005	110	76
3115	24005	111	76	24005	111	69
3116	24005	111	69	24005	111	76
3117	24005	135	76	24005	135	69
3118	24005	135	69	24005	135	76
3119	24005	134	69	24005	134	76
3120	24005	134	76	24005	134	69
3121	24004	106	45	24004	115	44
3122	24004	115	44	24004	106	45
3123	24004	115	43	24004	106	44
3124	24004	106	44	24004	115	43
3125	24004	62	64	24004	68	63
3126	24004	68	63	24004	62	64
3127	24004	62	63	24004	68	62
3128	24004	68	62	24004	62	63
3129	24004	26	52	24004	31	50
3130	24004	31	50	24004	26	52
3134	24004	31	51	24004	26	53
3135	24004	26	53	24004	31	50
3143	1424	4	0	1404	8	9
3144	1404	8	9	1424	4	0
3145	1404	7	9	1424	3	0
3146	1424	3	0	1404	7	9
3147	1424	5	0	1404	8	9
3148	1424	2	0	1404	7	9
3149	300	626	209	13500	33	2
3150	13500	33	2	300	626	209
3157	4332	5	3	4333	9	4
3158	4334	5	3	4333	9	4
3159	4333	9	4	4334	5	3
3162	24008	35	9	24009	3	13
3163	24009	3	13	24008	35	9
3164	24009	3	14	24008	35	9
3170	24009	25	13	24010	25	14
3171	24010	25	14	24009	25	13
3172	24010	17	4	24011	16	3
3173	24011	16	3	24010	17	4
3174	4335	7	3	4320	9	4
3175	24011	23	20	24012	23	20
3176	24012	23	20	24011	23	20
3177	24012	16	10	24013	16	10
3178	24013	16	10	24012	16	10
3179	24013	6	3	24014	6	3
3180	24014	6	3	24013	6	3
3181	24014	15	3	24015	15	3
3182	24015	15	3	24014	15	3
3183	24015	25	18	24016	25	18
3184	24016	25	18	24015	25	18
3185	24018	24	4	24017	24	4
3186	24017	24	4	24018	24	4
3187	24017	14	18	24016	14	18
3188	24016	14	18	24017	14	18
3191	24019	15	4	24020	15	4
3192	24020	15	4	24019	15	4
3193	24020	24	15	24021	24	14
3194	24021	24	14	24020	24	15
3195	24021	9	18	24022	9	18
3196	24022	9	18	24021	9	18
3197	24022	16	3	24021	16	3
3198	24021	16	3	24022	16	3
3199	24022	25	12	24023	25	12
3200	24023	25	12	24022	25	12
3201	24023	22	5	24024	22	5
3202	24024	22	5	24023	22	5
3203	24024	17	18	24023	17	18
3204	24023	17	18	24024	17	18
3205	24023	25	21	24024	25	21
3206	24024	25	21	24023	25	21
3207	24024	22	12	24025	22	12
3208	24025	22	12	24024	22	12
3209	24025	22	18	24024	22	18
3210	24024	22	18	24025	22	18
3211	24025	23	4	24026	23	4
3212	24026	23	4	24025	23	4
3213	24027	18	18	24028	18	26
3214	24028	18	26	24027	18	18
3215	24026	23	20	24027	23	20
3216	24027	23	20	24026	23	20
3217	24027	7	12	24026	7	12
3218	24026	7	12	24027	7	12
3219	24031	7	4	24030	7	4
3220	24030	7	4	24031	7	4
3221	24030	8	21	24031	8	21
3222	24031	8	21	24030	8	21
3223	24030	23	21	24031	23	21
3224	24031	23	21	24030	23	21
3225	24031	14	12	24030	13	12
3226	24030	13	12	24031	14	12
3227	24030	17	12	24031	19	12
3228	24031	19	12	24030	17	12
3229	24031	27	2	24032	27	2
3230	24032	27	2	24031	27	2
3231	24032	7	4	24033	7	4
3232	24033	7	4	24032	7	4
3233	24032	7	20	24033	7	20
3234	24033	7	20	24032	7	20
3235	24033	24	20	24034	24	20
3236	24034	24	20	24033	24	20
3237	24034	10	5	24035	10	5
3238	24035	10	5	24034	10	5
3239	24035	16	12	24034	16	12
3240	24034	16	12	24035	16	12
3241	24034	10	18	24035	10	17
3242	24035	10	17	24034	10	18
3245	24034	17	5	24035	16	5
3246	24035	16	5	24034	17	5
3247	24035	8	20	24036	8	20
3248	24036	8	20	24035	8	20
3249	24036	7	4	24035	7	4
3250	24035	7	4	24036	7	4
3251	24035	9	11	24036	9	12
3252	24036	9	12	24035	9	11
3253	24035	24	5	24036	24	5
3254	24036	24	5	24035	24	5
3255	24036	25	21	24035	25	21
3256	24035	25	21	24036	25	21
3257	24035	23	16	24036	23	16
3258	24036	23	16	24035	23	16
3259	24037	7	1	24038	11	5
3260	24038	11	5	24037	7	1
3261	24036	16	12	24037	16	12
3262	24037	16	12	24036	16	12
3265	24039	8	13	24040	8	13
3266	24040	8	13	24039	8	13
3267	24040	8	19	24039	8	19
3268	24039	8	19	24040	8	19
3269	24040	9	5	24039	9	5
3270	24039	9	5	24040	9	5
3271	24040	16	5	24039	16	5
3272	24039	16	5	24040	16	5
3273	24039	23	20	24040	23	20
3274	24040	23	20	24039	23	20
3275	24040	24	13	24039	24	13
3276	24039	24	13	24040	24	13
3277	24040	15	12	24041	15	12
3278	24041	15	12	24040	15	12
3279	24042	24	12	24041	24	12
3280	24041	24	12	24042	24	12
3281	24041	23	4	24042	23	4
3282	24042	23	4	24041	23	4
3283	24042	6	13	24041	6	13
3284	24041	6	13	24042	6	13
3285	24041	24	21	24042	24	21
3286	24042	24	21	24041	24	21
3287	24042	9	21	24043	9	21
3288	24043	9	21	24042	9	21
3289	24044	24	13	24043	24	13
3290	24043	24	13	24044	24	13
3291	24043	24	5	24044	24	5
3292	24044	24	5	24043	24	5
3293	24044	24	21	24043	24	21
3294	24043	24	21	24044	24	21
3295	24043	16	21	24044	16	21
3296	24044	16	21	24043	16	21
3297	24044	16	13	24043	16	13
3298	24043	16	13	24044	16	13
3299	24043	16	5	24044	16	5
3300	24044	16	5	24043	16	5
3301	24044	8	5	24043	8	5
3302	24043	8	5	24044	8	5
3303	24043	6	13	24044	6	13
3304	24044	6	13	24043	6	13
3305	24044	9	21	24045	9	21
3306	24045	9	21	24044	9	21
3307	24045	24	21	24046	24	21
3308	24046	24	21	24045	24	21
3309	24045	25	13	24046	25	13
3310	24046	25	13	24045	25	13
3311	24045	24	5	24046	24	5
3312	24046	24	5	24045	24	5
3313	24046	8	21	24047	8	21
3314	24047	8	21	24046	8	21
3315	24047	8	5	24046	8	5
3316	24046	8	5	24047	8	5
3317	24047	23	25	24048	21	26
3318	24048	21	26	24047	23	25
3319	24069	31	30	24019	24	26
3321	24070	30	5	24029	27	2
3324	24071	20	28	24039	16	19
3325	24040	23	5	24039	23	5
3326	24039	23	5	24040	23	5
3327	24072	29	26	24049	24	23
3329	24049	8	18	24050	8	18
3330	24050	8	18	24049	8	18
3331	24050	24	21	24051	24	21
3332	24051	24	21	24050	24	21
3333	24051	23	4	24052	23	4
3334	24052	23	4	24051	23	4
3335	24053	24	21	24052	24	21
3336	24052	24	21	24053	24	21
3337	24053	26	9	24054	26	9
3338	24054	26	9	24053	26	9
3339	24054	9	2	24055	9	2
3340	24055	9	2	24054	9	2
3341	24055	22	3	24056	22	3
3342	24056	22	3	24055	22	3
3343	24056	17	12	24057	17	12
3344	24057	17	12	24056	17	12
3345	24057	9	2	24058	11	4
3346	24058	11	4	24057	9	2
3348	24073	24	4	24059	23	4
3379	24067	8	13	24068	12	18
3380	24068	12	18	24067	8	13
3383	24029	20	3	24030	20	3
3384	24030	20	3	24029	20	3
3387	24060	7	4	24059	7	4
3388	24059	7	4	24060	7	4
3391	24060	23	4	24061	23	4
3392	24061	23	4	24060	23	4
3395	24062	7	4	24061	7	4
3396	24061	7	4	24062	7	4
3403	24062	23	4	24063	23	4
3404	24063	23	4	24062	23	4
3411	24063	19	17	24062	19	17
3412	24062	19	17	24063	19	17
3413	24060	15	5	24059	15	5
3414	24059	15	5	24060	15	5
3415	24060	13	14	24059	13	14
3416	24059	13	14	24060	13	14
3417	24060	19	17	24061	19	17
3418	24061	19	17	24060	19	17
3419	24062	15	5	24061	15	5
3420	24061	15	5	24062	15	5
3421	24062	13	14	24061	13	14
3422	24061	13	14	24062	13	14
3423	24062	15	11	24063	15	11
3424	24063	15	11	24062	15	11
3431	24063	15	8	24064	15	8
3432	24064	15	8	24063	15	8
3433	24064	8	4	24065	8	4
3434	24065	8	4	24064	8	4
3435	24065	24	22	24064	24	22
3436	24064	24	22	24065	24	22
3439	24065	23	3	24066	23	3
3440	24066	23	3	24065	23	3
3441	24066	8	22	24065	8	22
3442	24065	8	22	24066	8	22
3443	24066	8	4	24067	8	4
3444	24067	8	4	24066	8	4
3445	24066	24	22	24067	24	22
3446	24067	24	22	24066	24	22
3449	24062	10	4	24063	10	5
3450	24063	10	5	24062	10	4
3451	24060	25	23	24059	25	23
3452	24059	25	23	24060	25	23
3453	24060	7	24	24061	7	24
3454	24061	7	24	24060	7	24
3455	24062	25	23	24061	25	23
3456	24061	25	23	24062	25	23
3457	24063	7	24	24062	7	24
3458	24062	7	24	24063	7	24
3459	24064	20	15	24065	20	15
3460	24065	20	15	24064	20	15
3461	24064	25	12	24065	25	12
3462	24065	25	12	24064	25	12
3463	24065	5	12	24064	5	12
3464	24064	5	12	24065	5	12
3465	24066	18	25	24065	18	25
3466	24065	18	25	24066	18	25
3467	24066	13	15	24065	13	15
3468	24065	13	15	24066	13	15
3469	24065	15	8	24066	15	8
3470	24066	15	8	24065	15	8
3471	24067	13	20	24066	14	20
3472	24066	14	20	24067	13	20
3473	24067	20	15	24066	20	15
3474	24066	20	15	24067	20	15
3475	24066	28	12	24067	28	12
3476	24067	28	12	24066	28	12
3477	24066	15	3	24067	16	3
3478	24067	16	3	24066	15	3
3482	1171	15	1	1174	22	23
3483	1174	22	23	1171	15	1
3484	1174	8	23	1171	9	1
3485	1171	9	1	1174	8	23
3486	1102	10	17	1103	5	24
3487	1103	5	24	1102	10	17
3488	5005	18	14	5006	7	10
3489	5006	7	10	5005	18	14
3490	5005	5	4	3000	53	56
3491	5004	38	68	1000	152	166
3492	5004	39	68	1000	154	166
3512	21050	19	9	21014	17	49
3513	21014	17	49	21050	19	9
3514	21014	16	49	21050	19	9
3521	21016	14	11	21015	32	13
3524	21051	134	19	100	529	216
3526	21014	27	1	21022	24	2
3527	21022	24	2	21014	27	1
3528	21022	27	42	21014	27	39
3529	21014	27	39	21022	27	42
3531	21014	8	12	21022	8	12
3532	21014	9	25	21022	9	25
3533	21014	28	32	21022	28	32
3534	21014	27	27	21022	27	27
3535	21014	27	20	21022	27	20
3536	21014	25	22	21022	25	22
3537	21014	19	13	21022	19	13
3538	21014	18	19	21022	18	19
3539	21014	21	27	21022	21	27
3540	21014	9	40	21022	9	40
3551	21019	9	8	21018	8	10
3552	21018	8	10	21019	9	8
3553	21015	35	19	21017	37	19
3554	21017	37	19	21015	35	19
3555	21017	64	12	21016	63	13
3557	21017	13	19	21014	13	19
3558	3355	18	20	300	626	358
3559	21022	49	35	21015	51	35
3560	21015	51	35	21022	49	35
3561	21022	55	14	21016	56	14
3562	21016	56	14	21022	55	14
3563	21015	39	33	21022	39	33
3564	21015	44	36	21022	44	36
3565	21015	46	34	21022	47	34
3566	21015	51	22	21022	51	22
3567	21015	37	22	21022	37	22
3568	21015	44	24	21022	43	24
3569	21015	33	19	21022	33	19
3570	21015	48	18	21022	48	18
3571	21015	43	41	21022	43	41
3572	21015	47	40	21022	47	40
3573	21015	40	39	21022	40	39
3574	21016	62	21	21022	62	21
3575	21016	65	13	21022	65	13
3576	21016	67	13	21022	67	13
3578	21016	66	32	21022	66	32
3579	21016	59	32	21022	59	32
3580	21016	67	8	21022	67	8
3581	21016	56	8	21022	56	8
3582	21016	23	7	21017	23	8
3584	21016	26	49	21050	22	13
3585	21015	26	49	21050	21	13
3587	21023	19	12	21015	63	38
3588	21024	33	3	21025	33	3
3589	21025	33	3	21024	33	3
3590	21025	22	26	21024	22	26
3591	21024	22	26	21025	22	26
3592	21024	45	43	21023	7	4
3593	21023	7	4	21024	45	43
3594	2200	90	84	21025	5	15
3595	21025	5	15	2200	90	84
3596	5007	10	16	100	349	378
3597	100	349	378	5007	10	16
3600	2200	46	22	2223	6	15
3601	2223	6	15	2200	46	22
3602	2223	5	15	2200	46	22
3604	2213	7	8	2212	16	9
3605	2212	16	9	2213	7	8
3606	2214	7	8	2212	16	9
3607	2215	4	9	2121	14	5
3610	2226	6	15	2200	46	22
3611	2226	5	15	2200	46	22
3612	1180	23	7	1539	17	42
3613	1539	17	42	1180	23	7
3628	1000	172	174	1541	13	25
3629	1541	13	25	1000	172	174
3634	1000	90	36	1540	16	25
3635	1540	16	25	1000	90	36
3636	1000	181	36	1542	16	25
3637	1542	16	25	1000	181	36
3638	100	354	367	21051	57	115
3639	21051	57	115	100	354	367
3640	21051	110	90	100	401	342
3641	2221	13	16	2200	55	70
3642	2221	12	16	2200	55	70
3645	21051	46	23	21050	14	33
3646	21050	14	33	21051	46	23
3648	11029	22	20	100	328	451
3649	100	328	451	11029	22	20
3650	11030	23	20	11029	13	10
3651	4410	66	43	4411	23	18
3652	4411	23	18	4410	66	43
3653	4411	22	18	4410	65	43
3654	4410	65	43	4411	22	18
3655	4411	8	18	4410	51	43
3656	4410	51	43	4411	8	18
3657	4410	50	43	4411	7	18
3658	4411	7	18	4410	50	43
3659	4412	14	18	4410	29	43
3660	4410	29	43	4412	14	18
3661	4410	28	43	4412	13	18
3662	4412	13	18	4410	28	43
3663	4413	12	18	4410	14	43
3664	4410	14	43	4413	12	18
3665	4410	13	43	4413	11	18
3666	4413	11	18	4410	13	43
3668	4400	75	93	4410	40	59
3669	4410	40	59	4400	75	93
3670	4410	39	59	4400	74	93
3671	4400	74	93	4410	39	59
3672	4400	103	96	4410	76	73
3673	4410	76	73	4400	103	96
3674	4410	4	73	4400	53	96
3675	4400	53	96	4410	4	73
3696	4400	106	54	4403	24	49
3697	4403	24	49	4400	106	54
3698	4403	45	3	4404	72	2
3699	4404	72	2	4403	45	3
3700	4404	25	68	4405	72	70
3701	4405	72	70	4404	25	68
3709	4400	133	49	4401	5	14
3710	4401	5	14	4400	133	49
3711	4401	5	15	4400	133	49
3712	4414	1	8	4410	47	20
3713	4414	1	9	4410	47	21
3714	4415	29	9	4410	32	20
3715	4415	29	10	4410	32	21
3716	4403	26	10	4406	20	16
3717	4406	20	16	4403	26	10
3718	4406	21	45	4407	12	39
3719	4407	12	39	4406	21	45
3720	4407	45	43	4408	72	70
3721	4408	72	70	4407	45	43
3722	4408	35	69	4409	63	63
3723	4409	63	63	4408	35	69
3725	4400	79	77	4418	14	37
3726	4418	14	37	4400	78	77
3727	4400	78	77	4418	14	37
3728	4410	44	17	4418	15	32
3729	4418	15	32	4410	44	17
3730	4418	14	32	4410	35	17
3731	4410	35	17	4418	14	32
3732	4419	17	4	4418	4	9
3733	4418	4	9	4419	17	4
3734	4418	4	10	4419	17	5
3735	4419	17	5	4418	4	10
3736	4420	3	4	4418	24	9
3737	4418	24	9	4420	3	4
3738	4418	24	10	4420	3	5
3739	4420	3	5	4418	24	10
3740	4400	117	132	4451	6	14
3741	4451	6	14	4400	117	132
3742	4451	6	15	4400	117	132
3743	4400	117	140	4452	6	14
3744	4452	6	14	4400	117	140
3746	4452	6	15	4400	117	140
3747	4400	117	148	4453	6	14
3748	4453	6	14	4400	117	148
3749	4453	6	15	4400	117	148
3750	4400	117	156	4454	6	14
3751	4454	6	14	4400	117	156
3752	4454	6	15	4400	117	156
3753	4400	117	164	4455	6	14
3754	4455	6	14	4400	117	164
3755	4455	6	15	4400	117	164
3756	4421	10	2	4418	15	7
3757	4403	31	38	4403	27	38
3760	4401	20	17	4402	22	7
3761	4402	22	7	4401	20	17
3762	4456	6	23	4457	14	5
3763	4457	14	5	4456	6	23
3765	4456	10	32	4400	36	31
3769	4430	20	17	4402	22	7
3770	4430	5	14	4400	133	49
3771	4430	5	15	4400	133	49
3772	4422	7	16	4400	55	140
3773	4400	55	140	4422	7	16
3774	4400	55	147	4423	7	16
3775	4423	7	16	4400	55	147
3776	4423	6	16	4400	55	147
3777	4422	6	16	4400	55	140
3778	4424	7	16	4400	55	154
3779	4424	6	16	4400	55	154
3780	4400	55	154	4424	6	16
3786	4416	15	25	4410	4	30
3787	4410	4	30	4416	15	25
3788	4431	15	25	4410	76	30
3789	4432	15	25	4410	76	30
3790	4417	15	25	4410	76	30
3791	4300	38	71	402	184	162
3792	4300	37	71	402	183	162
3793	4300	36	71	402	182	162
3796	402	184	161	4300	38	70
3797	402	183	161	4300	37	70
3798	402	182	161	4300	36	70
3805	402	119	100	4400	76	171
3806	402	118	100	4400	75	171
3808	402	117	100	4400	74	171
3809	4400	76	172	402	119	101
3810	4400	75	172	402	118	101
3811	4400	74	172	402	117	101
3816	14000	8	41	400	235	338
3817	400	235	338	14000	8	41
3818	402	258	180	14002	36	7
3819	14002	36	7	402	258	180
3820	15523	7	14	15522	23	20
3821	15522	23	20	15523	7	14
3824	20309	93	67	20308	93	65
3825	20308	93	65	20309	93	67
3826	20309	90	63	20310	67	62
3827	20310	67	62	20309	90	63
3828	20304	50	45	20305	50	39
3829	20305	50	39	20304	50	45
3833	20306	89	25	20305	89	30
3834	20305	89	30	20306	89	25
3846	20306	50	10	20305	50	9
3847	20305	50	9	20306	50	10
3889	14006	9	12	14007	37	12
3890	14007	37	12	14006	9	12
3891	14004	32	9	14005	32	34
3892	14005	32	34	14004	32	9
3893	14006	40	23	14005	9	17
3894	14005	9	17	14006	40	23
3895	14007	10	15	402	385	112
3896	402	385	112	14007	10	15
3897	402	385	113	14007	10	15
3899	14003	9	42	400	527	209
3900	402	382	82	4500	3	10
3901	4500	3	10	402	382	82
3902	15400	27	72	401	96	166
3903	401	96	166	15400	27	72
3904	15400	66	16	401	128	120
3905	401	128	120	15400	66	16
3906	15400	48	5	15402	40	12
3907	15402	40	12	15400	48	5
3908	15402	16	33	15400	15	31
3909	15400	15	31	15402	16	33
3910	15402	58	47	15400	56	44
3911	15400	56	44	15402	58	47
3912	15402	48	62	15400	54	70
3913	15400	54	70	15402	48	62
3925	302	17	12	301	65	83
3926	302	103	24	300	462	404
3941	20502	16	16	20501	16	16
3942	20501	16	16	20502	16	16
3943	20502	16	84	20501	16	80
3944	20501	16	80	20502	16	84
3959	20504	75	16	20505	80	11
3960	20505	80	11	20504	75	16
3963	20501	52	48	20501	30	51
3968	20502	76	71	20503	73	73
3969	20503	73	73	20502	76	71
3970	20502	74	35	20503	72	33
3971	20503	72	33	20502	74	35
3972	20502	61	81	20503	60	79
3973	20503	60	79	20502	61	81
3974	20501	30	51	20514	52	48
3975	20514	52	48	20501	30	51
3979	20501	38	49	20502	26	49
3980	20502	26	49	20501	38	49
3987	20515	76	71	20516	73	73
3988	20516	73	73	20515	76	71
3989	20516	72	33	20515	74	35
3990	20515	74	35	20516	72	33
3998	20504	22	74	20516	23	69
3999	20516	23	69	20504	22	74
4002	20504	9	72	20516	11	66
4003	20516	11	66	20504	9	72
4004	20516	11	59	20504	10	61
4005	20504	10	61	20516	11	59
4008	20505	9	9	20506	12	13
4009	20506	12	13	20505	9	9
4010	20506	12	79	20518	8	80
4011	20518	8	80	20506	12	79
4012	20504	85	79	20505	80	82
4013	20505	80	82	20504	85	79
4016	20518	27	47	20517	3	6
4018	20518	80	82	20504	85	79
4019	20518	51	46	20505	63	46
4020	20518	9	9	20506	12	13
4021	20505	92	46	20524	82	47
4022	20524	82	47	20505	92	46
4023	20506	53	17	20506	67	11
4024	20506	67	11	20506	53	17
4025	20506	53	83	20506	67	81
4026	20506	67	81	20506	53	83
4027	20506	36	47	20506	26	50
4028	20506	26	50	20506	36	47
4029	20506	82	47	20505	92	46
4030	20507	84	15	20506	86	13
4031	20506	86	13	20507	84	15
4032	20507	84	76	20506	86	83
4033	20506	86	83	20507	84	76
4038	20527	34	47	20507	63	46
4039	20507	63	46	20527	34	47
4042	20508	52	47	20508	64	45
4043	20508	64	45	20508	52	47
4044	20519	64	45	20508	52	47
4045	20519	14	46	20509	10	46
4046	20509	10	46	20519	14	46
4049	20509	22	65	20509	40	73
4050	20509	40	73	20509	22	65
4051	20509	22	46	20509	39	45
4052	20509	39	45	20509	22	46
4053	20509	39	16	20509	22	27
4054	20509	22	27	20509	39	16
4055	20510	80	13	20509	80	14
4056	20509	80	14	20510	80	13
4057	20509	82	77	20510	80	76
4058	20510	80	76	20509	82	77
4059	20525	12	46	20510	17	47
4060	20510	17	47	20525	12	46
4061	20525	80	76	20509	82	77
4088	20520	6	40	20520	11	41
4089	20520	11	41	20520	6	40
4090	20520	6	51	20520	11	52
4091	20520	11	52	20520	6	51
4092	20520	10	17	20512	15	10
4093	20512	15	10	20520	10	17
4098	20512	44	10	20513	44	7
4099	20513	44	7	20512	44	10
4100	20512	67	67	20512	72	67
4101	20512	72	67	20512	67	67
4102	20512	66	45	20512	71	47
4103	20512	71	47	20512	66	45
4104	20513	73	10	20512	72	12
4105	20512	72	12	20513	73	10
4106	20521	72	12	20513	73	10
4107	20521	66	45	20521	71	47
4108	20521	71	47	20521	66	45
4109	20521	67	67	20521	72	67
4110	20521	72	67	20521	67	67
4111	20513	72	71	20521	73	78
4112	20521	73	78	20513	72	71
4113	20513	56	68	20522	14	9
4114	20522	14	9	20513	56	68
4115	20526	14	9	20513	56	68
4118	20513	15	75	20512	17	75
4119	20512	17	75	20513	15	75
4124	20530	64	45	20508	52	47
4127	20414	9	30	20513	42	14
4128	20513	42	14	20414	9	29
4129	20414	9	29	20513	42	14
4130	20501	10	53	401	174	103
4131	20501	10	52	401	174	103
4132	20501	10	50	401	174	103
4133	20501	10	49	401	174	103
4134	20501	10	51	401	174	103
4135	401	174	103	20501	10	51
4140	20502	16	27	20502	10	31
4141	20502	10	31	20502	16	27
4146	20502	56	36	20502	63	34
4147	20502	63	34	20502	56	36
4148	20502	16	71	20502	9	71
4149	20502	9	71	20502	16	71
4162	20505	51	46	20505	60	46
4163	20505	60	46	20505	51	46
4164	20503	33	79	20503	26	82
4165	20503	26	82	20503	33	79
4166	20503	31	25	20503	24	28
4167	20503	24	28	20503	31	25
4168	20503	63	41	20503	56	42
4169	20503	56	42	20503	63	41
4170	20503	63	62	20503	56	63
4171	20503	56	63	20503	63	62
4172	20502	41	15	20502	41	21
4173	20502	41	21	20502	41	15
4174	20502	17	43	20502	9	43
4175	20502	9	43	20502	17	43
4176	20502	17	55	20502	10	59
4177	20502	10	59	20502	17	55
4178	20502	34	60	20502	27	62
4179	20502	27	62	20502	34	60
4184	20511	35	51	20511	36	43
4185	20511	36	43	20511	35	51
4186	20511	41	59	20511	48	57
4187	20511	48	57	20511	41	59
4188	20511	69	59	20511	61	62
4189	20511	61	62	20511	69	59
4190	20511	69	29	20511	61	32
4191	20511	61	32	20511	69	29
4192	20510	82	47	20511	82	47
4193	20511	82	47	20510	82	47
4195	20507	42	46	20507	45	46
4196	20507	45	46	20507	42	46
4197	20507	21	46	20507	24	46
4198	20507	24	46	20507	21	46
4199	20513	47	73	20526	3	12
4200	20526	3	12	20513	47	73
4201	20515	41	15	20515	41	21
4202	20515	41	21	20515	41	15
4203	20515	56	36	20515	63	34
4204	20515	63	34	20515	56	36
4205	20515	34	60	20502	27	62
4206	20516	26	82	20503	33	79
4207	20505	27	47	20517	3	6
4208	20517	3	6	20505	27	47
4210	20518	80	11	20504	75	16
4211	20511	41	69	20511	35	70
4212	20511	35	70	20511	41	69
4213	20520	61	32	20511	69	29
4214	20520	61	62	20511	69	59
4217	20520	35	51	20520	36	43
4218	20520	36	43	20520	35	51
4219	20520	41	59	20520	48	57
4220	20520	48	57	20520	41	59
4221	20520	35	70	20520	41	69
4222	20520	41	69	20520	35	70
4223	20516	56	42	20516	63	41
4224	20516	63	41	20516	56	42
4225	20516	56	63	20516	63	62
4226	20516	63	62	20516	56	63
4227	20530	52	47	20508	64	45
4228	402	381	27	4501	3	16
4229	4501	3	16	402	381	27
4233	4145	16	4	4143	12	4
4234	20310	37	20	20002	19	31
4235	20002	19	31	20310	37	20
4236	16519	47	69	16518	47	69
4237	16518	47	69	16519	47	69
4238	16517	47	14	16518	47	14
4239	16518	47	14	16517	47	14
4240	16517	83	57	16518	83	57
4241	16518	83	57	16517	83	57
4242	16518	31	34	16517	31	34
4243	16517	31	34	16518	31	34
4244	16518	20	88	16517	20	88
4245	16517	20	88	16518	20	88
4246	16516	62	48	16517	62	48
4247	16517	62	48	16516	62	48
4248	16516	46	14	16517	47	15
4249	16517	47	15	16516	46	14
4250	402	318	136	16521	23	21
4251	16521	23	21	402	318	136
4252	20306	50	90	20307	50	92
4253	20307	50	92	20306	50	90
4254	4143	12	4	4145	16	5
4255	4145	16	5	4143	12	4
4256	16505	10	11	16516	12	63
4257	16516	12	63	16505	10	11
4258	16503	34	41	16519	25	7
4259	16519	25	7	16503	34	41
4260	20102	67	44	20150	32	24
4261	20150	32	24	20102	67	44
4262	20150	32	7	20102	67	27
4263	20102	67	27	20150	32	7
4264	20151	13	16	20102	51	35
4265	20102	51	35	20151	13	16
4266	20104	59	63	20152	5	10
4267	20152	5	10	20104	59	63
4268	20153	18	10	20105	68	62
4269	20105	68	62	20153	18	10
4270	20105	28	53	20154	10	18
4271	20154	10	18	20105	28	53
4274	20105	28	37	20155	10	1
4275	20155	10	1	20105	28	37
4276	20105	33	28	20156	12	10
4277	20156	12	10	20105	33	28
4282	20157	21	11	20158	29	4
4283	20158	29	4	20157	21	11
4286	20107	66	21	20160	11	21
4287	20160	11	21	20107	66	21
4292	20106	9	3	20107	11	9
4293	20107	11	9	20106	9	3
4294	20106	29	56	20107	27	59
4295	20107	27	59	20106	29	56
4296	20107	49	40	20161	11	4
4297	20161	11	4	20107	49	40
4298	20162	18	10	20108	65	44
4299	20108	65	44	20162	18	10
4300	20108	48	56	20109	46	60
4301	20109	46	60	20108	48	56
4302	20109	30	59	20108	28	56
4303	20108	28	56	20109	30	59
4304	20108	71	45	20109	66	44
4305	20109	66	44	20108	71	45
4306	20108	49	3	20109	47	7
4307	20109	47	7	20108	49	3
4308	20108	71	28	20109	66	27
4309	20109	66	27	20108	71	28
4311	20108	65	9	20163	11	3
4312	20163	11	3	20108	65	9
4315	20159	12	17	20164	15	27
4316	20164	15	27	20159	12	17
4317	20109	50	36	20165	51	28
4318	20165	51	28	20109	50	36
4319	20109	38	45	20166	21	10
4320	20166	21	10	20109	38	45
4325	20167	11	2	20168	27	23
4326	20168	27	23	20167	11	2
4339	20169	13	22	20112	10	35
4340	20112	10	35	20169	13	22
4341	20119	69	37	20120	15	33
4342	300	380	324	23600	7	23
4343	23600	7	23	300	380	324
4346	20113	10	62	20109	7	62
4347	20110	10	8	20109	7	9
4348	20117	10	62	20109	7	62
4349	20115	10	8	20109	7	9
4354	15527	15	27	300	760	59
4355	300	760	59	15527	15	27
4358	15524	16	19	300	707	59
4359	15525	16	19	300	707	59
4361	15530	5	6	300	755	81
4362	300	755	81	15530	5	6
4363	1195	12	20	1000	111	148
4364	1000	111	148	1195	11	20
4365	1195	11	20	1000	111	148
4366	15531	30	39	15532	31	67
4367	15532	31	67	15531	30	39
4368	15532	30	67	15531	29	39
4369	15531	29	39	15532	30	67
4370	15532	47	6	15533	39	15
4371	15533	39	15	15532	47	6
4372	15533	18	15	15532	16	6
4373	15532	16	6	15533	18	15
4379	15535	28	58	15533	29	49
4380	15533	29	49	15535	28	58
4381	15533	28	49	15535	27	58
4382	15535	27	58	15533	28	49
4383	1450	22	13	1451	22	13
4384	1451	22	13	1450	22	13
4385	1451	15	8	1452	15	8
4386	1452	15	8	1451	15	8
4387	1452	22	8	1453	22	8
4388	1453	22	8	1452	22	8
4389	1453	15	8	1454	15	8
4390	1454	15	8	1453	15	8
4391	1204	17	11	21502	14	5
4392	21502	14	5	1204	17	11
4393	1204	16	11	21502	14	5
4400	1450	15	8	1403	25	13
4401	1454	22	16	1455	21	17
4402	1455	21	17	1454	22	16
4411	15522	41	8	15536	4	23
4412	15536	4	23	15522	41	8
4413	15536	4	24	15522	41	9
4414	15522	41	9	15536	4	24
4415	15531	50	32	15538	15	26
4416	15538	15	26	15531	50	32
4423	100	429	570	15542	16	26
4424	15542	16	26	100	429	570
4425	15542	15	26	100	429	570
4479	43100	136	158	43130	38	62
4480	43130	38	62	43100	136	158
4481	43130	37	62	43100	135	158
4482	43100	135	158	43130	37	62
4483	43131	7	9	43130	32	16
4484	43130	32	16	43131	7	9
4485	43130	31	16	43131	6	9
4486	43131	6	9	43130	31	16
4548	43100	94	48	43135	8	28
4549	43135	8	28	43100	94	48
4550	43135	7	28	43100	93	48
4551	43100	93	48	43135	7	28
4552	43115	5	14	43100	146	117
4553	43100	146	117	43115	5	14
4554	43100	146	116	43115	5	14
4555	43100	167	66	43125	11	12
4556	43125	11	12	43100	167	66
4557	43100	166	126	43140	6	20
4558	43140	6	20	43100	166	126
4559	43140	6	11	43100	166	124
4560	43100	166	124	43140	6	11
4561	43100	166	128	43140	6	29
4562	43140	6	29	43100	166	128
4563	43140	33	16	43141	34	16
4564	43141	34	16	43140	33	16
4603	33219	30	21	33214	9	22
4604	33214	9	22	33219	30	21
4605	33220	16	15	33215	22	31
4606	33215	22	31	33220	16	15
4607	41000	64	17	41001	68	20
4608	41001	68	20	41000	64	17
4609	41001	72	21	41002	67	21
4610	41002	67	21	41001	72	21
4611	41001	72	31	41002	67	33
4612	41002	67	33	41001	72	31
4613	41001	31	19	41002	31	22
4614	41002	31	22	41001	31	19
4615	41001	46	32	41003	11	7
4616	41003	11	7	41001	46	32
4619	41001	40	32	41004	11	7
4620	41004	11	7	41001	40	32
4621	41001	35	32	41005	11	7
4622	41005	11	7	41001	35	32
4625	41001	45	22	41006	10	16
4626	41006	10	16	41001	45	22
4627	41001	40	22	41007	10	16
4628	41007	10	16	41001	40	22
4629	41001	35	22	41008	10	16
4630	41008	10	16	41001	35	22
4633	33100	25	11	33101	24	8
4634	33101	24	8	33100	25	11
4647	33101	42	26	33102	14	21
4648	33102	14	21	33101	42	26
4649	33101	38	26	33103	14	21
4650	33103	14	21	33101	38	26
4653	33101	34	26	33104	14	21
4654	33104	14	21	33101	34	26
4657	33101	11	26	33106	14	21
4658	33106	14	21	33101	11	26
4659	33101	7	26	33107	14	21
4660	33107	14	21	33101	7	26
4661	33100	42	21	33110	44	20
4662	33110	44	20	33100	42	21
4667	33100	11	21	33113	11	5
4668	33113	11	5	33100	11	21
4671	41009	64	17	41010	68	20
4672	41010	68	20	41009	64	17
4673	41010	72	21	41011	67	21
4674	41011	67	21	41010	72	21
4675	41010	72	31	41011	67	33
4676	41011	67	33	41010	72	31
4677	41010	31	19	41011	31	22
4678	41011	31	22	41010	31	19
4685	41009	65	22	41013	3	9
4686	41013	3	9	41009	65	22
4687	33110	32	19	33111	23	48
4688	33111	23	48	33110	32	19
4707	33223	13	11	33216	65	46
4708	33224	13	11	33216	65	46
4709	33225	13	11	33216	65	46
4710	33200	196	208	33207	16	23
4711	33207	16	23	33200	196	208
4712	33200	192	208	33207	4	23
4713	33207	4	23	33200	192	208
4714	33200	196	162	33201	34	32
4715	33201	34	32	33200	196	162
4722	33200	158	139	33202	15	24
4723	33202	15	24	33200	158	139
4726	33200	160	183	33206	15	24
4727	33206	15	24	33200	160	183
4728	33200	157	208	33208	15	24
4729	33208	15	24	33200	157	208
4730	33200	161	208	33210	15	24
4731	33210	15	24	33200	161	208
4732	33200	129	184	33209	15	24
4733	33209	15	24	33200	129	184
4734	33200	192	162	33201	4	32
4735	33201	4	32	33200	192	162
4738	33201	25	25	33222	45	53
4739	33222	45	53	33201	25	25
4740	33207	11	7	33211	35	26
4741	33211	35	26	33207	11	7
4742	33200	121	155	33212	16	23
4743	33212	16	23	33200	121	155
4744	33200	117	155	33212	4	23
4745	33212	4	23	33200	117	155
4748	33200	161	156	33213	18	32
4749	33213	18	32	33200	161	156
4750	300	369	351	15564	6	24
4751	15564	6	24	300	369	351
4752	15564	5	24	300	368	351
4753	300	368	351	15564	5	24
4754	41018	10	17	41014	40	22
4761	34000	10	61	34001	12	41
4762	34001	12	41	34000	10	61
4763	34001	11	2	34000	19	9
4764	34000	19	9	34001	11	2
4769	34002	45	37	34003	46	34
4770	34003	46	34	34002	45	37
4774	34003	27	2	34002	17	4
4775	34002	17	4	34003	27	2
4776	34002	23	3	33000	301	347
4777	33000	301	347	34002	23	3
4786	33239	15	24	33234	31	33
4789	33242	16	30	33234	30	24
4792	33245	16	30	33234	30	24
4793	43800	125	87	43810	5	18
4794	43810	5	18	43800	125	87
4795	43810	5	19	43800	125	87
4807	43100	140	213	43200	23	36
4808	43100	140	214	43200	23	37
4809	43100	140	215	43200	23	38
4813	43100	159	199	43200	41	23
4814	43100	160	199	43200	42	23
4815	43100	158	199	43200	40	23
4816	43200	42	22	43100	160	198
4817	43200	41	22	43100	159	198
4818	43200	40	22	43100	158	198
4819	43200	22	36	43100	139	213
4820	43200	22	37	43100	139	214
4821	43200	22	38	43100	139	215
4824	43000	283	436	43100	175	104
4826	43100	176	104	43000	284	436
4827	43000	283	437	43100	175	105
4828	43100	176	105	43000	284	437
4830	43000	283	438	43100	175	106
4832	43100	176	106	43000	284	438
4839	43000	227	436	43100	63	103
4840	43100	62	103	43000	226	436
4841	43000	227	437	43100	63	104
4842	43100	62	104	43000	226	437
4843	43000	227	438	43100	63	105
4844	43100	62	105	43000	226	438
4845	43100	165	91	43110	9	23
4846	43110	9	23	43100	165	91
4847	43110	9	22	43100	165	90
4848	43100	165	90	43110	9	22
4849	43100	109	80	43145	18	30
4850	43145	18	30	43100	109	80
4851	43100	89	64	43170	9	19
4852	43170	9	19	43100	89	64
4853	43100	144	97	43171	0	9
4854	43171	0	9	43100	144	97
4855	43100	136	186	43172	0	9
4856	43172	0	9	43100	136	186
4857	43100	131	64	43173	9	19
4858	43173	9	19	43100	131	64
4859	43100	166	140	43174	0	9
4860	43174	0	9	43100	166	140
4862	43100	174	170	43150	9	14
4863	43150	9	14	43100	174	170
4864	43150	9	15	43100	174	170
4866	43151	25	14	43150	33	11
4867	43150	33	11	43151	24	14
4868	43151	24	14	43150	32	11
4869	43150	32	11	43151	24	14
4870	43100	172	183	43152	4	10
4871	43152	4	10	43100	172	183
4872	43152	4	9	43100	172	182
4873	43100	172	182	43152	4	9
4874	43153	1	10	43100	172	187
4875	43100	172	187	43153	1	10
4876	43100	172	186	43153	1	9
4877	43153	1	9	43100	172	186
4878	43153	22	14	43154	23	12
4879	43154	23	12	43153	22	14
4880	43100	150	132	43160	11	20
4881	43160	11	20	43100	150	132
4897	33200	233	171	33000	235	314
4898	33200	233	172	33000	235	315
4899	33000	234	314	33200	232	171
4900	33000	234	315	33200	232	172
4901	33200	177	227	33000	202	346
4902	33000	202	345	33200	177	226
4903	33200	178	227	33000	203	346
4904	33000	203	345	33200	178	226
4905	33200	179	227	33000	204	346
4906	33000	204	345	33200	179	226
4907	33000	283	457	34000	26	64
4908	34000	26	64	33000	283	457
4909	34000	37	5	33000	298	405
4910	33000	298	405	34000	37	5
4911	33000	314	399	34002	9	59
4912	34002	9	59	33000	314	399
4913	33234	32	37	33234	32	35
4915	33238	32	37	33234	32	35
4916	33240	15	24	33234	31	33
4917	33246	15	16	33246	13	16
4919	41021	19	9	41020	49	26
4920	41020	49	26	41021	19	9
4921	41020	49	27	41021	19	10
4922	41021	19	10	41020	49	27
4923	41019	58	17	41020	71	21
4924	41020	71	21	41019	58	17
4925	41019	59	22	41027	2	10
4926	41027	2	10	41019	59	22
4927	41027	2	11	41019	59	22
4928	41020	77	23	41027	14	5
4929	41027	14	5	41020	77	23
4934	15575	3	14	15573	116	40
4935	15573	116	40	15575	3	14
4936	15575	3	13	15573	116	40
4937	15575	3	15	15573	116	40
4940	41022	58	17	41023	72	23
4941	41023	72	23	41022	58	17
4942	41023	41	19	41024	43	22
4943	41024	43	22	41023	41	19
4944	41023	45	22	41025	10	16
4945	41025	10	16	41023	45	22
4946	41025	9	16	41023	44	22
4947	41023	44	22	41025	9	16
4952	41028	2	10	41022	59	22
4953	41022	59	22	41028	2	10
4954	41028	2	11	41022	59	22
4955	43212	17	9	43213	7	6
4956	43213	7	6	43212	17	9
4965	43214	17	9	43215	7	6
4966	43215	7	6	43214	17	9
4975	43213	24	5	43216	6	9
4976	43216	6	9	43213	24	5
4977	43216	6	10	43213	24	6
4978	43213	24	6	43216	6	10
4979	43215	24	5	43216	6	38
4980	43216	6	38	43215	24	5
4981	43216	6	39	43215	24	6
4982	43215	24	6	43216	6	39
4999	43210	9	46	43200	47	36
5000	43200	47	36	43210	9	46
5001	43200	47	39	43210	9	46
5003	43216	11	29	43211	64	52
5004	43211	64	52	43216	11	29
5005	43211	64	53	43216	11	30
5006	43216	11	30	43211	64	53
5007	43216	11	19	43211	64	39
5008	43211	64	39	43216	11	19
5009	43211	64	40	43216	11	20
5010	43216	11	20	43211	64	40
5015	43210	36	51	43211	15	45
5016	43211	15	45	43210	36	42
5017	43210	36	42	43211	15	45
5018	43214	9	1	43211	24	60
5019	43211	24	60	43214	9	1
5020	43211	23	60	43214	8	1
5021	43214	8	1	43211	23	60
5022	43211	24	32	43212	9	17
5023	43212	9	17	43211	24	32
5024	43212	8	17	43211	23	32
5025	43211	23	32	43212	8	17
5027	43100	95	211	43190	14	15
5028	43190	14	15	43100	96	211
5029	43100	96	211	43190	14	15
5030	43210	23	18	43217	9	16
5031	43217	9	16	43210	23	18
5032	43218	13	3	43217	16	27
5033	43217	16	27	43218	13	3
5036	15551	102	110	15582	34	8
5037	15582	34	8	15551	102	110
5038	15581	12	49	15551	105	34
5039	15551	105	34	15581	12	49
5040	15582	11	57	15573	28	35
5041	15573	28	35	15582	11	57
5042	15582	10	57	15573	28	35
5043	15581	36	12	15572	72	19
5044	15572	72	19	15581	36	12
5045	15581	35	12	15572	72	19
5046	15551	71	67	15580	25	23
5047	15580	15	0	15568	62	63
5048	33281	64	17	33263	11	11
5049	33263	11	11	33281	64	17
5052	33263	11	19	33280	76	23
5053	33280	76	23	33263	11	19
5054	33280	77	27	33265	67	21
5055	33265	67	21	33280	77	27
5058	43100	107	48	43175	19	33
5059	43175	19	33	43100	107	48
5060	45000	32	14	45000	33	58
5062	45000	31	14	45000	32	58
5065	45000	33	14	45000	34	58
5066	45001	13	36	45000	55	34
5067	45000	55	34	45001	13	36
5068	45000	55	35	45001	13	37
5069	45001	13	37	45000	55	35
5070	45000	55	36	45001	13	38
5071	45001	13	38	45000	55	36
5072	45000	13	36	45000	55	34
5073	45000	13	37	45000	55	35
5074	45000	13	38	45000	55	36
5075	45001	33	14	45000	34	58
5076	45001	32	14	45000	33	58
5077	45001	31	14	45000	32	58
5078	45001	55	34	45001	13	36
5079	45001	55	35	45001	13	37
5080	45001	55	36	45001	13	38
5082	45001	35	58	45002	33	14
5083	45001	34	58	45002	32	14
5084	45001	33	58	45002	31	14
5085	45002	33	14	45000	34	58
5086	45002	32	14	45000	33	58
5087	45002	31	14	45000	32	58
5088	45002	55	34	45000	13	36
5089	45002	55	35	45000	13	37
5090	45002	55	36	45000	13	38
5091	45002	34	58	45000	33	14
5092	45002	33	58	45000	32	14
5093	45002	32	58	45000	31	14
5094	45002	13	36	45003	55	34
5095	45002	13	37	45003	55	35
5096	45002	13	38	45003	55	36
5097	45003	13	36	45000	55	34
5098	45003	13	37	45000	55	35
5099	45003	13	38	45000	55	36
5100	45003	34	58	45000	33	14
5101	45003	33	58	45000	32	14
5102	45003	32	58	45000	31	14
5103	45003	55	34	45000	13	36
5104	45003	55	35	45000	13	37
5105	45003	55	36	45000	13	38
5120	15576	13	21	15572	24	58
5121	15572	24	58	15576	13	21
5122	15576	12	21	15572	24	58
5123	15576	11	21	15572	24	58
5124	33200	183	104	33100	25	45
5125	33100	25	45	33200	183	104
5128	33101	24	6	33108	25	43
5129	33108	25	43	33101	24	6
5134	33200	194	190	33283	6	16
5135	33283	6	16	33200	194	190
5136	33200	197	190	33283	14	16
5137	33283	14	16	33200	197	190
5138	33200	143	180	33284	2	6
5139	33284	2	6	33200	143	180
5140	33284	2	12	33200	143	184
5141	33200	143	184	33284	2	12
5142	33200	225	149	33287	3	8
5143	33287	3	8	33200	225	149
5144	33200	192	143	33285	7	15
5145	33285	7	15	33200	192	143
5146	33200	196	143	33285	13	15
5147	33285	13	15	33200	196	143
5148	14016	22	10	4100	61	130
5149	4100	61	130	14016	22	10
5150	45005	10	18	45004	33	20
5151	45005	9	18	45004	33	20
5152	45006	10	18	45004	33	20
5153	45006	9	18	45004	33	20
5154	45004	32	57	45000	33	14
5155	45004	31	57	45000	32	14
5156	45004	30	57	45000	31	14
5160	43541	10	12	43540	6	12
5161	43540	6	12	43541	10	12
5162	43540	31	12	43541	33	13
5163	43541	33	13	43540	31	12
5164	43500	68	118	43540	20	24
5165	43540	20	24	43500	68	118
5166	43540	19	24	43500	68	118
5169	43510	10	19	43500	45	87
5170	43500	45	87	43510	10	19
5171	43510	9	19	43500	45	87
5172	43520	0	13	43500	44	145
5173	43500	44	145	43520	0	13
5174	43520	0	14	43500	44	145
5175	43530	10	24	43500	91	87
5176	43500	91	87	43530	10	24
5177	43530	9	24	43500	91	87
5178	43600	87	35	43610	4	14
5179	43610	4	14	43600	87	35
5180	43610	4	13	43600	87	35
5182	43620	4	13	43600	88	51
5183	43600	88	51	43620	4	13
5184	43620	4	14	43600	88	51
5185	43600	93	99	43650	13	8
5186	43650	13	8	43600	93	99
5187	15592	7	3	15593	95	19
5188	15593	95	19	15592	7	3
5191	15595	1	14	100	260	449
5192	100	260	449	15595	1	14
5193	15595	1	15	100	260	449
5194	15595	1	16	100	260	449
5195	15594	7	4	100	251	493
5196	100	251	493	15594	7	4
5197	15594	25	36	15593	7	3
5198	15593	7	3	15594	25	36
5201	15592	42	3	100	299	538
5202	45003	33	14	45004	32	56
5203	45003	32	14	45004	31	56
5204	45003	31	14	45004	30	56
5205	43000	428	682	43900	62	83
5206	43900	62	83	43000	428	682
5208	43900	61	84	43000	428	682
5209	33000	646	271	33500	32	14
5210	33500	32	14	33000	646	271
5211	33000	645	271	33500	31	14
5212	33500	31	14	33000	645	271
5213	33500	13	47	33000	627	304
5214	33000	627	304	33500	13	47
5215	33000	627	305	33500	13	48
5216	33500	13	48	33000	627	305
5217	33500	13	49	33000	627	306
5218	33000	627	306	33500	13	49
5221	33000	627	332	33500	13	75
5222	33500	13	75	33000	627	332
5223	33000	627	331	33500	13	74
5224	33500	13	74	33000	627	331
5225	33500	13	76	33000	627	333
5226	33000	627	333	33500	13	76
5227	33500	30	103	33000	644	360
5228	33000	644	360	33500	30	103
5229	33000	645	360	33500	31	103
5230	33500	31	103	33000	645	360
5233	33500	32	103	33000	646	360
5234	33000	646	360	33500	32	103
5236	43600	60	29	43000	321	883
5237	43000	322	883	43600	61	29
5241	43500	144	113	43000	512	841
5242	43000	511	841	43500	143	113
5243	43500	144	114	43000	512	842
5244	43000	511	842	43500	143	114
5247	43500	144	115	43000	512	843
5248	43000	511	843	43500	143	115
5249	43500	144	116	43000	512	844
5250	43000	511	844	43500	143	116
5251	43500	17	83	43000	430	823
5252	43000	431	823	43500	18	83
5253	43500	17	84	43000	430	824
5254	43000	431	824	43500	18	84
5255	43500	17	85	43000	430	825
5256	43000	431	825	43500	18	85
5257	43500	17	86	43000	430	826
5258	43000	431	826	43500	18	86
5259	43000	258	401	43100	120	39
5260	43100	120	38	43000	258	400
5261	43000	257	401	43100	119	39
5262	43100	119	38	43000	257	400
5263	43000	256	401	43100	118	39
5264	43100	118	38	43000	256	400
5266	43000	833	689	43800	81	84
5267	43800	80	84	43000	832	689
5268	43000	833	688	43800	81	83
5269	43800	80	83	43000	832	688
5270	43000	556	313	43700	57	42
5271	43700	56	41	43000	555	312
5272	43000	576	379	43700	76	106
5274	43000	575	379	43700	75	106
5275	43700	75	107	43000	575	380
5276	43700	76	107	43000	576	380
5277	43100	159	50	43178	10	17
5278	43178	10	17	43100	159	50
5279	43178	9	17	43100	159	50
5280	43100	143	48	43179	10	16
5281	43179	10	16	43100	143	48
5282	43179	9	16	43100	143	48
5283	43180	10	17	43100	92	100
5284	43100	92	100	43180	9	17
5285	43180	9	17	43100	92	100
5286	43100	109	65	43181	10	17
5287	43181	10	17	43100	109	65
5288	43181	9	17	43100	109	65
5289	43182	10	17	43100	88	80
5290	43100	88	80	43182	9	17
5291	43182	9	17	43100	88	80
5292	43183	23	5	43184	22	4
5293	43184	22	4	43183	23	5
5295	43183	15	26	43100	102	154
5296	43183	14	26	43100	102	154
5299	43100	165	80	43185	3	9
5300	43185	3	9	43100	165	80
5301	43185	3	10	43100	165	80
5302	43186	2	9	43100	147	151
5303	43100	147	151	43186	2	10
5304	43186	2	10	43100	147	151
5305	43100	166	55	43187	3	9
5306	43187	3	9	43100	166	55
5307	43187	3	10	43100	166	56
5308	43100	166	56	43187	3	10
5309	43189	3	9	43100	83	92
5310	43100	83	92	43189	3	9
5311	43189	3	10	43100	83	92
5312	43100	89	150	43188	3	9
5313	43188	3	9	43100	89	150
5314	43188	3	10	43100	89	151
5315	43100	89	151	43188	3	10
5316	33500	21	44	33501	14	17
5317	33501	14	17	33500	21	44
5318	33501	5	17	33500	18	44
5319	33500	18	44	33501	5	17
5320	33500	35	27	33502	3	6
5321	33502	3	6	33500	35	27
5322	33502	3	13	33500	35	30
5323	33500	35	30	33502	3	13
5324	33500	18	101	33503	5	16
5325	33503	5	16	33500	18	101
5326	33503	14	16	33500	21	101
5327	33500	21	101	33503	14	16
5328	33500	49	44	33504	6	17
5329	33504	6	17	33500	49	44
5330	33504	13	17	33500	52	44
5331	33500	52	44	33504	13	17
5332	33500	61	46	33505	2	9
5333	33505	2	9	33500	61	46
5334	33500	35	99	33506	3	9
5335	33506	3	9	33500	35	99
5336	33500	49	85	33507	2	10
5337	33507	2	10	33500	49	85
5338	33500	20	72	33508	10	16
5339	33508	10	16	33500	20	72
5340	33500	20	89	33509	10	17
5341	33509	10	17	33500	20	89
5342	33500	35	86	33514	3	9
5343	33514	3	9	33500	35	86
5344	33514	3	20	33500	35	88
5345	33500	35	88	33514	3	20
5346	33500	61	74	33511	2	9
5347	33511	2	9	33500	61	74
5348	33511	2	22	33500	61	77
5349	33500	61	77	33511	2	22
5352	33500	44	63	33510	2	10
5353	33510	2	10	33500	44	63
5354	33510	2	25	33500	44	66
5355	33500	44	66	33510	2	25
5356	33500	38	44	33516	15	25
5357	33516	15	25	33500	38	44
5358	33200	225	135	33288	3	9
5359	33288	3	9	33200	225	135
5360	33289	2	9	33200	225	186
5361	33200	225	186	33289	2	9
5362	33290	2	9	33200	228	199
5363	33200	228	199	33290	2	9
5364	33200	118	137	33297	11	31
5365	33297	11	31	33200	118	137
5366	33297	28	31	33200	121	137
5367	33200	121	137	33297	28	31
5368	33292	10	18	33200	125	184
5369	33200	125	184	33292	10	18
5370	33200	139	155	33291	3	9
5371	33291	3	9	33200	139	155
5372	43910	0	8	43900	65	49
5373	43900	65	49	43910	0	8
5374	43970	0	8	43900	65	54
5375	43900	65	54	43970	0	8
5376	43971	0	8	43900	28	67
5377	43900	28	67	43971	0	8
5378	43972	0	8	43900	26	61
5379	43900	26	61	43972	0	8
5380	43973	6	14	43900	24	58
5381	43900	24	58	43973	6	14
5382	43974	6	14	43900	18	58
5383	43900	18	58	43974	6	14
5384	43975	6	14	43900	37	30
5385	43900	37	30	43975	6	14
5386	43976	6	14	43900	57	25
5387	43900	57	25	43976	6	14
5388	43977	6	14	43900	32	21
5389	43900	32	21	43977	6	14
5390	43900	63	83	43000	428	682
5391	43900	60	85	43000	428	682
5392	43100	133	79	43169	10	17
5393	43169	10	17	43100	133	79
5394	43169	9	17	43100	133	79
5395	41023	45	32	41026	11	7
5396	41026	11	7	41023	45	32
5397	41026	10	7	41023	44	32
5398	41023	44	32	41026	10	7
5399	43572	2	9	43500	64	145
5400	43500	64	145	43572	2	9
5401	43571	10	16	43500	91	148
5402	43500	91	148	43571	9	16
5403	43571	9	16	43500	91	148
5406	43500	68	88	43570	9	15
5407	43570	9	15	43500	68	88
5408	43570	10	15	43500	68	88
5409	43600	71	48	43630	5	13
5410	43630	5	13	43600	71	48
5414	43600	47	66	43670	10	15
5415	43670	10	15	43600	47	66
5416	43670	9	15	43600	47	66
5417	43600	87	78	43671	3	9
5418	43671	3	9	43600	87	78
5421	43676	11	2	43675	11	4
5422	43675	11	4	43676	11	2
5423	43676	2	13	43600	94	43
5424	43600	94	43	43676	2	12
5425	43676	2	12	43600	94	43
5428	43000	807	70	44100	38	70
5429	43000	807	71	44100	38	71
5430	43000	807	72	44100	38	72
5431	43000	807	73	44100	38	73
5432	43000	807	74	44100	38	74
5433	44100	37	74	43000	806	74
5434	44100	37	73	43000	806	73
5435	44100	37	72	43000	806	72
5438	44100	37	71	43000	806	71
5439	44100	37	70	43000	806	70
5444	44000	161	62	48001	68	16
5445	48001	68	16	44000	161	62
5446	44000	99	40	48001	36	23
5447	48001	36	23	44000	99	40
5448	43000	546	635	48000	23	44
5449	48000	23	44	43000	546	635
5450	48000	24	44	43000	546	635
5451	48002	34	47	48001	34	47
5452	48001	34	47	48002	34	47
5453	48001	26	42	48002	26	42
5454	48002	26	42	48001	26	42
5455	48001	56	37	48002	55	37
5456	48002	55	37	48001	56	37
5459	48002	46	49	48001	44	48
5460	48001	44	48	48002	46	49
5461	48002	66	55	48001	66	55
5462	48001	66	55	48002	66	55
5463	48002	61	24	48003	54	26
5464	48003	54	26	48002	61	24
5465	48002	51	52	48003	51	52
5466	48003	51	52	48002	51	52
5467	48002	55	67	48003	55	67
5468	48003	55	67	48002	55	67
5469	48003	57	35	48004	55	30
5470	48004	55	30	48003	57	35
5471	48003	55	50	48004	55	50
5472	48004	55	50	48003	55	50
5473	48003	17	50	48004	17	50
5474	48004	17	50	48003	17	50
5475	48003	21	65	48004	21	65
5476	48004	21	65	48003	21	65
5477	48003	90	39	48004	91	39
5478	48004	91	39	48003	90	39
5479	48003	59	79	48004	59	79
5480	48004	59	79	48003	59	79
5483	48004	41	11	48005	40	11
5484	48005	40	11	48004	41	11
5485	48005	76	47	48004	72	47
5486	48004	72	47	48005	76	47
5487	48004	77	57	48005	77	57
5488	48005	77	57	48004	77	57
5489	48005	57	70	48004	56	70
5490	48004	56	70	48005	57	70
5491	48005	34	38	48004	34	38
5492	48004	34	38	48005	34	38
5493	48005	21	13	48004	21	13
5494	48004	21	13	48005	21	13
5495	48004	26	81	48005	26	81
5496	48005	26	81	48004	26	81
5497	48005	58	57	48006	58	57
5498	48006	58	57	48005	58	57
5499	48006	82	28	48005	80	28
5500	48005	80	28	48006	82	28
5501	48005	61	32	48006	61	32
5502	48006	61	32	48005	61	32
5503	48006	43	49	48005	43	49
5504	48005	43	49	48006	43	49
5505	48006	15	30	48005	15	27
5506	48005	15	27	48006	15	30
5507	48005	55	87	48006	54	87
5508	48006	54	87	48005	55	87
5509	48005	20	56	48006	20	56
5510	48006	20	56	48005	20	56
5513	48007	19	70	48006	18	70
5514	48006	18	70	48007	19	70
5517	48007	75	62	48006	74	62
5518	48006	74	62	48007	75	62
5519	48006	30	49	48007	30	49
5520	48007	30	49	48006	30	49
5521	48006	78	74	48007	78	74
5522	48007	78	74	48006	78	74
5523	48008	53	56	48007	53	56
5524	48007	53	56	48008	53	56
5525	48006	70	25	48007	70	25
5526	48007	70	25	48006	70	25
5527	48007	67	33	48008	67	33
5528	48008	67	33	48007	67	33
5529	48008	20	46	48007	20	46
5530	48007	20	46	48008	20	46
5531	48011	34	39	48008	24	47
5532	48008	24	47	48011	34	39
5535	48016	50	24	48017	54	28
5536	48017	54	28	48016	50	24
5537	48017	46	47	48016	43	48
5538	48016	43	48	48017	46	47
5539	48018	67	57	48017	84	75
5540	48017	84	75	48018	67	57
5541	48017	85	75	48018	68	57
5542	48018	68	57	48017	85	75
5543	48017	40	5	48018	64	23
5544	48018	64	23	48017	40	5
5545	48018	73	27	48017	77	14
5546	48017	77	14	48018	73	27
5547	48017	9	31	48018	28	24
5548	48018	28	24	48017	9	31
5549	48018	28	25	48017	9	32
5550	48017	9	32	48018	28	25
5555	48019	42	82	48018	42	49
5556	48018	42	49	48019	42	82
5557	33000	503	370	33600	3	25
5558	33600	3	25	33000	503	370
5559	33600	38	25	33601	25	25
5560	33601	25	25	33600	38	25
5561	33601	25	32	33602	25	25
5562	33602	25	25	33601	25	32
5563	33602	14	5	33603	5	2
5564	33603	5	2	33602	14	5
5565	33602	34	5	33603	39	10
5566	33603	39	10	33602	34	5
5567	33602	34	45	33603	46	42
5568	33603	46	42	33602	34	45
5569	33602	14	45	33603	9	41
5570	33603	9	41	33602	14	45
5571	33603	46	22	33604	46	2
5572	33604	46	2	33603	46	22
5573	33604	24	45	33605	23	44
5574	33605	23	44	33604	24	45
5575	33605	40	7	33606	30	53
5576	33606	30	53	33605	40	7
5577	33606	31	3	33607	3	37
5578	33607	3	37	33606	31	3
5579	33607	74	38	33608	8	59
5580	33608	8	59	33607	74	38
5581	48020	59	4	48019	59	4
5582	48019	59	4	48020	59	4
5583	48020	80	21	48019	80	21
5584	48019	80	21	48020	80	21
5585	48020	45	26	48019	45	26
5586	48019	45	26	48020	45	26
5587	48020	42	10	48019	40	13
5588	48019	40	13	48020	42	10
5589	48019	22	17	48020	22	17
5590	48020	22	17	48019	22	17
5591	48019	12	52	48020	13	52
5592	48020	13	52	48019	12	52
5593	48020	43	47	48019	41	48
5594	48019	41	48	48020	43	47
5595	48017	57	46	48019	44	44
5596	48019	44	44	48017	57	46
5597	48019	56	75	48020	59	71
5598	48020	59	71	48019	56	75
5599	48020	34	74	48019	33	74
5600	48019	33	74	48020	34	74
5601	48019	25	51	48020	26	49
5602	48020	26	49	48019	25	51
5603	48019	31	33	48020	31	33
5604	48020	31	33	48019	31	33
5605	48020	80	8	48019	74	15
5606	48019	74	15	48020	80	8
5609	48020	71	13	48019	66	8
5610	48019	66	8	48020	71	13
5611	46000	5	14	43100	133	136
5612	46000	4	14	43100	132	136
5613	46001	5	14	43100	133	136
5614	46001	4	14	43100	132	136
5615	46002	5	14	43100	138	136
5616	46002	4	14	43100	137	136
5617	48020	57	80	48021	51	72
5618	48021	51	72	48020	56	80
5619	48020	56	80	48021	51	72
5621	48020	21	77	48021	42	66
5622	48021	42	66	48020	20	77
5623	48020	20	77	48021	42	66
5624	33100	37	29	33115	25	24
5625	33115	25	24	33100	37	29
5626	48020	71	4	48021	74	13
5627	48021	74	13	48020	71	4
5628	48021	89	22	48020	83	8
5629	48020	83	8	48021	89	22
5630	33115	25	8	33114	26	38
5631	33114	26	38	33115	25	8
5632	48021	66	61	48022	45	67
5633	48022	45	67	48021	66	61
5634	48022	24	62	48021	37	34
5635	48021	37	34	48022	24	62
5636	48021	59	23	48022	37	29
5637	48022	37	29	48021	59	23
5638	48024	19	36	48023	47	27
5639	48024	18	36	48023	47	27
5640	48023	47	26	48024	19	35
5641	48023	61	29	48022	47	36
5642	48022	47	36	48023	61	29
5643	48022	46	47	48023	55	46
5644	48023	55	46	48022	46	47
5645	48020	48	47	48022	42	48
5646	48022	42	48	48020	48	47
5647	48000	25	24	44000	169	166
5648	44000	169	166	48000	25	24
5649	48000	46	4	48014	46	4
5650	48014	46	4	48000	46	4
5651	48014	39	38	48015	62	70
5652	48014	38	38	48015	62	70
5653	48015	62	70	48014	38	38
5654	48016	12	82	48015	30	61
5655	48015	30	61	48016	11	82
5656	48016	11	82	48015	30	61
5657	34008	9	38	34009	9	34
5658	34009	9	34	34008	9	38
5659	34008	10	6	34009	11	9
5660	34009	11	9	34008	10	6
5661	34008	41	8	34009	38	5
5662	34009	38	5	34008	41	8
5663	34008	44	39	34009	42	30
5664	34009	42	30	34008	44	39
5665	34009	21	40	34010	20	33
5666	34010	20	33	34009	21	40
5667	34009	30	37	34010	36	30
5668	34010	36	30	34009	30	37
5669	34009	29	28	34010	29	20
5670	34010	29	20	34009	29	28
5671	34009	19	9	34010	9	13
5672	34010	9	13	34009	19	9
5673	34009	31	8	34010	24	9
5674	34010	24	9	34009	31	8
5675	34010	10	37	34011	24	28
5676	34011	24	28	34010	10	37
5677	34010	12	10	34011	8	23
5678	34011	8	23	34010	12	10
5679	34011	16	17	34012	15	35
5680	34012	15	35	34011	16	17
5681	34011	24	16	34012	24	36
5682	34012	24	36	34011	24	16
5683	34011	34	17	34012	33	36
5684	34012	33	36	34011	34	17
5685	34011	9	12	34012	7	19
5686	34012	7	19	34011	9	12
5687	34012	24	9	34006	68	63
5688	34006	68	63	34012	24	9
5689	33000	407	143	34008	28	23
5690	34008	28	23	33000	407	143
5691	48000	12	4	44000	112	85
5692	44000	112	85	48000	12	4
5693	48014	23	39	48000	15	34
5694	48000	15	34	48014	23	39
5695	48016	44	40	48014	30	38
5696	48014	30	38	48016	44	40
5697	33200	139	136	33205	8	16
5698	33205	8	16	33200	139	136
5699	34004	10	8	34002	32	10
5700	33500	91	36	33517	22	31
5701	33517	22	31	33500	91	36
5702	33000	402	242	33249	24	31
5703	33249	24	31	33000	402	242
5704	33105	14	21	33101	14	26
5706	33201	14	27	33221	7	9
5707	33221	7	9	33201	14	27
5708	43100	147	79	43165	18	30
5709	43165	18	30	43100	147	79
5712	2433	19	38	2431	26	1
5713	2433	20	38	2431	26	1
5714	2433	18	38	2431	26	1
5720	45000	34	59	43000	407	342
5721	45000	33	59	43000	407	342
5723	45000	32	59	43000	407	342
5724	33234	18	24	33000	207	447
5725	33000	207	447	33234	18	24
5728	11033	6	26	100	583	172
5729	100	583	172	11033	6	26
5730	11035	74	61	11034	74	61
5731	11034	74	61	11035	74	61
5732	11035	70	41	11034	70	41
5733	11034	70	41	11035	70	41
5734	11034	66	17	11035	66	17
5735	11035	66	17	11034	66	17
5736	11035	62	31	11034	62	31
5737	11034	62	31	11035	62	31
5738	11034	62	37	11035	62	37
5739	11035	62	37	11034	62	37
5740	11035	49	37	11034	49	37
5741	11034	49	37	11035	49	37
5742	11035	46	45	11034	46	45
5743	11034	46	45	11035	46	45
5744	11035	22	29	11034	22	29
5745	11034	22	29	11035	22	29
5746	11034	18	13	11035	18	13
5747	11035	18	13	11034	18	13
5748	11034	22	44	11035	22	44
5749	11035	22	44	11034	22	44
5750	11035	30	57	11034	30	57
5751	11034	30	57	11035	30	57
5752	11034	30	65	11035	30	65
5753	11035	30	65	11034	30	65
5754	11035	13	68	11034	13	68
5755	11034	13	68	11035	13	68
5756	11035	54	70	11034	54	70
5757	11034	54	70	11035	54	70
5758	11035	18	5	11036	18	5
5759	11036	18	5	11035	18	5
5760	11035	42	12	11036	42	12
5761	11036	42	12	11035	42	12
5762	11035	34	12	11036	34	12
5763	11036	34	12	11035	34	12
5764	11035	34	22	11036	34	22
5765	11036	34	22	11035	34	22
5766	11036	14	33	11035	14	33
5767	11035	14	33	11036	14	33
5768	11036	53	33	11035	53	33
5769	11035	53	33	11036	53	33
5770	11035	66	45	11036	66	45
5771	11036	66	45	11035	66	45
5772	11036	6	56	11035	6	56
5773	11035	6	56	11036	6	56
5774	11035	42	70	11036	42	70
5775	11036	42	70	11035	42	70
5776	11035	37	61	11036	37	61
5777	11036	37	61	11035	37	61
5778	11036	58	53	11035	58	53
5779	11035	58	53	11036	58	53
5780	11037	37	5	11036	37	5
5781	11036	37	5	11037	37	5
5784	11037	10	41	11036	10	41
5785	11036	10	41	11037	10	41
5786	11036	7	73	11037	7	73
5787	11037	7	73	11036	7	73
5788	11036	46	57	11037	46	57
5789	11037	46	57	11036	46	57
5790	11036	50	50	11037	50	50
5791	11037	50	50	11036	50	50
5792	11037	74	73	11036	74	73
5793	11036	74	73	11037	74	73
5794	11036	66	33	11037	66	33
5795	11037	66	33	11036	66	33
5796	11034	5	17	11034	68	70
5797	11034	14	25	11034	68	70
5798	11034	14	34	11034	9	75
5799	11036	52	41	11036	62	41
5800	11035	50	6	11034	68	70
5801	11034	50	54	11034	68	70
5802	11035	6	45	11034	68	70
5803	11035	30	45	11034	68	70
5804	11037	34	49	11034	34	49
5806	11037	38	40	11036	38	40
5807	11037	5	25	11034	5	25
5809	11037	5	26	11034	5	26
5810	11037	49	13	11036	49	13
5811	11037	49	14	11036	49	14
5812	11036	34	45	11034	34	45
5813	11036	57	58	11034	57	58
5814	11036	58	58	11034	58	58
5815	11035	37	65	11034	37	65
5816	11035	38	65	11034	38	65
5817	11035	74	53	11034	74	53
5818	11035	74	54	11034	74	54
5819	11035	74	69	11034	74	69
5820	11035	74	70	11034	74	70
5821	11035	38	33	11034	38	33
5822	11034	38	33	11035	38	33
5823	11037	34	50	11034	34	50
5824	11036	58	33	11037	58	33
5825	11037	58	33	11036	58	33
5826	2431	47	33	2432	7	6
5827	2431	46	33	2432	7	6
5828	2431	45	33	2432	7	6
5829	2432	24	5	1165	19	38
5830	11033	21	18	11032	7	9
5831	11032	385	21	11032	283	264
5832	36003	1	7	33000	181	486
5833	33000	181	486	36003	1	7
5834	47007	7	18	43000	331	361
5835	43000	331	361	47007	7	18
5840	1164	39	24	1166	43	21
5841	1166	43	21	1164	39	24
5842	34014	20	61	34013	44	22
5843	34013	44	22	34014	20	61
5844	34014	68	23	34015	25	68
5845	34015	25	68	34014	68	23
5846	34015	68	13	33000	472	282
5847	33000	472	282	34015	68	13
5848	33000	441	302	34013	15	67
5849	34013	15	67	33000	441	302
5850	37002	31	34	33000	584	501
5851	33000	584	501	37002	31	34
5852	37009	13	31	37004	7	24
5853	37004	7	24	37009	13	31
5854	37009	14	18	37005	21	6
5855	37005	21	6	37009	14	18
5856	37010	44	41	37009	22	14
5857	37009	22	14	37010	44	41
5858	37003	30	9	37009	50	21
5859	37009	50	21	37003	30	9
5860	37000	44	21	37001	78	23
5861	37001	78	23	37000	44	21
