游民		1	1								2	2	2	2	2	2	2	2	2	2	2	2	2	2	2	2	2	2	2	2	2	2	2					
游民2		2	1	2000000	2000000						2	2	2	2	2	2	2	2	2	2	2	2	2	2	2	2	2	2	2	2	2	2	2					
见习剑士		11	1	0	0						4	3	3	0	3	3	3	4	4	3	4	3	0	4	3	4	4	4	4	4	4	4	4					
剑士		12	1	5000	0						6	3	3	0	3	3	3	6	6	3	6	3	0	6	3	6	6	6	6	6	6	6	6					
王宫剑士		13	1	10000	0						8	3	3	0	3	3	3	8	8	3	8	3	0	8	3	8	8	8	8	8	8	8	8					
剑术师范		14	1	20000	0						10	3	3	0	3	3	3	10	10	3	10	3	0	10	3	10	10	10	10	10	10	10	10					
剑术大师		15	1	1000000	0						10	3	3	0	3	3	3	10	10	3	10	3	0	10	3	10	10	10	10	10	10	10	10					
武士		16	1	1000000	0						10	3	3	0	3	3	3	10	10	3	10	3	0	10	3	10	10	10	10	10	10	10	10					
剑圣		17	1	1000000	0						10	3	3	0	3	3	3	10	10	3	10	3	0	10	3	10	10	10	10	10	10	10	10					
剑圣2		18	1	2000000	0						10	3	3	0	3	3	3	10	10	3	10	3	0	10	3	10	10	10	10	10	10	10	10					
见习战斧斗士		21	1	0	0						3	4	3	0	3	3	3	4	4	3	4	3	0	4	3	4	4	4	4	4	4	4	4					
战斧斗士		22	1	5000	0						3	6	3	0	3	3	3	6	6	3	6	3	0	6	3	6	6	6	6	6	6	6	6					
王宫战斧斗士		23	1	10000	0						3	8	3	0	3	3	3	8	8	3	8	3	0	8	3	8	8	8	8	8	8	8	8					
战斧师范		24	1	20000	0						3	10	3	0	3	3	3	10	10	3	10	3	0	10	3	10	10	10	10	10	10	10	10					
战斧大师		25	1	1000000	0						3	10	3	0	3	3	3	10	10	3	10	3	0	10	3	10	10	10	10	10	10	10	10					
狂战士		26	1	1000000	0						3	10	3	0	3	3	3	10	10	3	10	3	0	10	3	10	10	10	10	10	10	10	10					
破坏狂		27	1	1000000	0						3	10	3	0	3	3	3	10	10	3	10	3	0	10	3	10	10	10	10	10	10	10	10					
破坏狂2		28	1	2000000	0						3	10	3	0	3	3	3	10	10	3	10	3	0	10	3	10	10	10	10	10	10	10	10					
见习骑士		31	1	0	0						3	3	4	0	3	3	3	4	4	3	4	3	0	4	3	4	4	4	4	4	4	4	4					
骑士		32	1	5000	0						3	3	6	0	3	3	3	6	6	3	6	3	0	6	3	6	6	6	6	6	6	6	6					
王宫骑士		33	1	10000	0						3	3	8	0	3	3	3	8	8	3	8	3	0	8	3	8	8	8	8	8	8	8	8					
近卫骑士		34	1	20000	0						3	3	10	0	3	3	3	10	10	3	10	3	0	10	3	10	10	10	10	10	10	10	10					
枪术大师		35	1	1000000	0						3	3	10	0	3	3	3	10	10	3	10	3	0	10	3	10	10	10	10	10	10	10	10					
黑骑士		36	1	1000000	0						3	3	10	0	3	3	3	10	10	3	10	3	0	10	3	10	10	10	10	10	10	10	10					
圣骑士		37	1	1000000	0						3	3	10	0	3	3	3	10	10	3	10	3	0	10	3	10	10	10	10	10	10	10	10					
圣骑士2		38	1	2000000	0						3	3	10	0	3	3	3	10	10	3	10	3	0	10	3	10	10	10	10	10	10	10	10					
见习弓箭手		41	1	0	0						3	3	3	0	4	3	3	3	3	4	3	4	0	3	4	4	4	4	4	4	4	4	4					
弓箭手		42	1	5000	0						3	3	3	0	6	4	4	3	3	6	3	6	0	3	6	6	6	6	6	6	6	6	6					
王宫弓箭手		43	1	10000	0						4	4	4	0	8	5	5	4	4	8	4	8	0	4	8	8	8	8	8	8	8	8	8					
弓术师范		44	1	20000	0						4	4	4	0	10	6	6	4	4	10	4	10	0	4	10	10	10	10	10	10	10	10	10					
弓术大师		45	1	1000000	0						4	4	4	0	10	6	6	4	4	10	4	10	0	4	10	10	10	10	10	10	10	10	10					
神射手		46	1	1000000	0						4	4	4	0	10	6	6	4	4	10	4	10	0	4	10	10	10	10	10	10	10	10	10					
森林守护者		47	1	1000000	0						4	4	4	0	10	6	6	4	4	10	4	10	0	4	10	10	10	10	10	10	10	10	10					
森林守护者2		48	1	2000000	0						4	4	4	0	10	6	6	4	4	10	4	10	0	4	10	10	10	10	10	10	10	10	10					
见习士兵		51	1	0	0						3	3	3	0	3	3	3	3	3	3	3	3	0	3	3	4	4	4	4	4	4	4	4					
士兵		52	1	5000	0						4	4	4	0	4	4	4	4	4	4	4	4	0	4	4	6	6	6	6	6	6	6	6					
王宫士兵		53	1	10000	0						5	5	5	0	5	5	5	5	5	5	5	5	0	5	5	8	8	8	8	8	8	8	8					
士兵长		54	1	20000	0						6	6	6	0	6	6	6	6	6	6	6	6	0	6	6	10	10	10	10	10	10	10	10					
重战士		55	1	1000000	0						6	6	6	0	6	6	6	6	6	6	6	6	0	6	6	10	10	10	10	10	10	10	10					
装甲兵		56	1	1000000	0						6	6	6	0	6	6	6	6	6	6	6	6	0	6	6	10	10	10	10	10	10	10	10					
蹂躏兵		57	1	1000000	0						6	6	6	0	6	6	6	6	6	6	6	6	0	6	6	10	10	10	10	10	10	10	10					
蹂躏兵2		58	1	2000000	0						6	6	6	0	6	6	6	6	6	6	6	6	0	6	6	10	10	10	10	10	10	10	10					
见习传教士		61	1	0	0						0	0	0	4	0	0	3	0	0	4	0	3	4	0	4	4	4	4	4	4	4	4	4					
传教士		62	1	5000	0	61	62	63	68		0	0	0	6	0	0	3	0	0	6	0	3	6	0	6	6	6	6	6	6	6	6	6	4	4	4	4	
牧师		63	1	10000	0	61	62	63	68		0	0	0	8	0	0	4	0	0	8	0	4	8	0	8	8	8	8	8	8	8	8	8	6	6	6	6	
主教		64	1	20000	0	61	62	63	68		0	0	0	10	0	0	4	0	0	10	0	4	10	0	10	10	10	10	10	10	10	10	10	8	8	8	8	
大主教		65	1	1000000	0						0	0	0	10	0	0	4	0	0	10	0	4	10	0	10	10	10	10	10	10	10	10	10					
李贝留斯的仆人		66	1	1000000	0						0	0	0	10	0	0	4	0	0	10	0	4	10	0	10	10	10	10	10	10	10	10	10					
阿尔杰斯的使徒		67	1	1000000	0						0	0	0	10	0	0	4	0	0	10	0	4	10	0	10	10	10	10	10	10	10	10	10					
阿尔杰斯的使徒2		68	1	2000000	0						0	0	0	10	0	0	4	0	0	10	0	4	10	0	10	10	10	10	10	10	10	10	10					
见习魔术师		71	1	0	0						0	0	0	4	0	3	0	0	0	4	0	3	4	0	4	4	4	4	4	4	4	4	4					
魔术师		72	1	5000	0						0	0	0	6	0	3	0	0	0	6	0	3	6	0	6	6	6	6	6	6	6	6	6	4	4	4	4	
王宫魔术师		73	1	10000	0						0	0	0	8	0	4	0	0	0	8	0	4	8	0	8	8	8	8	8	8	8	8	8	6	6	6	6	
魔导士		74	1	20000	0						0	0	0	10	0	4	0	0	0	10	0	4	10	0	10	10	10	10	10	10	10	10	10	8	8	8	8	
大魔导师		75	1	1000000	0						0	0	0	10	0	4	0	0	0	10	0	4	10	0	10	10	10	10	10	10	10	10	10					
狂魔		76	1	1000000	0						0	0	0	10	0	4	0	0	0	10	0	4	10	0	10	10	10	10	10	10	10	10	10					
法王		77	1	1000000	0						0	0	0	10	0	4	0	0	0	10	0	4	10	0	10	10	10	10	10	10	10	10	10					
法王2		78	1	2000000	0						0	0	0	10	0	4	0	0	0	10	0	4	10	0	10	10	10	10	10	10	10	10	10					
见习咒术师		81	1	0	0						0	0	0	4	0	3	0	0	0	4	0	3	4	0	4	4	4	4	4	4	4	4	4					
咒术师		82	1	5000	0						0	0	0	6	0	3	0	0	0	6	0	3	6	0	6	6	6	6	6	6	6	6	6					
王宫咒术师		83	1	10000	0						0	0	0	8	0	4	0	0	0	8	0	4	8	0	8	8	8	8	8	8	8	8	8					
降头师		84	1	20000	0						0	0	0	10	0	4	0	0	0	10	0	4	10	0	10	10	10	10	10	10	10	10	10					
咒术大师		85	1	1000000	0						0	0	0	10	0	4	0	0	0	10	0	4	10	0	10	10	10	10	10	10	10	10	10					
右月咒缚者		86	1	1000000	0						0	0	0	10	0	4	0	0	0	10	0	4	10	0	10	10	10	10	10	10	10	10	10					
左月咒缚者		87	1	1000000	0						0	0	0	10	0	4	0	0	0	10	0	4	10	0	10	10	10	10	10	10	10	10	10					
左月咒缚者2		88	1	2000000	0						0	0	0	10	0	4	0	0	0	10	0	4	10	0	10	10	10	10	10	10	10	10	10					
见习封印师		91	1	0	0						3	3	3	3	3	3	3	3	0	4	0	4	0	0	4	4	4	4	4	4	4	4	4					
封印师		92	1	5000	0	69					3	3	3	4	3	3	3	3	0	6	0	6	0	0	6	6	6	6	6	6	6	6	6	4				
王宫封印师		93	1	10000	0	69					3	3	3	5	4	4	4	4	0	8	0	8	0	0	8	8	8	8	8	8	8	8	8	6				
封印术师范		94	1	20000	0	69					4	4	4	6	4	4	4	4	0	10	0	10	0	0	10	10	10	10	10	10	10	10	10	8				
封印大师		95	1	1000000	0						4	4	4	6	4	4	4	4	0	10	0	10	0	0	10	10	10	10	10	10	10	10	10					
黑暗召唤师		96	1	1000000	0						4	4	4	6	4	4	4	4	0	10	0	10	0	0	10	10	10	10	10	10	10	10	10					
恶魔召唤师		97	1	1000000	0						4	4	4	6	4	4	4	4	0	10	0	10	0	0	10	10	10	10	10	10	10	10	10					
恶魔召唤师2		98	1	2000000	0						4	4	4	6	4	4	4	4	0	10	0	10	0	0	10	10	10	10	10	10	10	10	10					
见习饲养师		101	1	0	0						3	3	3	3	3	3	4	3	0	4	0	4	0	0	4	4	4	4	4	4	4	4	4					
饲养师		102	1	5000	0	70					3	3	3	3	3	3	6	3	0	6	0	6	0	0	6	6	6	6	6	6	6	6	6	4				
王宫饲养师		103	1	10000	0	70					4	4	4	4	4	4	8	4	0	8	0	8	0	0	8	8	8	8	8	8	8	8	8	6				
高级饲养师		104	1	20000	0	70					4	4	4	4	4	4	10	4	0	10	0	10	0	0	10	10	10	10	10	10	10	10	10	8				
饲养大师		105	1	1000000	0						4	4	4	4	4	4	10	4	0	10	0	10	0	0	10	10	10	10	10	10	10	10	10					
顶尖饲养师		106	1	1000000	0						4	4	4	4	4	4	10	4	0	10	0	10	0	0	10	10	10	10	10	10	10	10	10					
星之饲养师		107	1	1000000	0						4	4	4	4	4	4	10	4	0	10	0	10	0	0	10	10	10	10	10	10	10	10	10					
星之饲养师2		108	1	2000000	0						4	4	4	4	4	4	10	4	0	10	0	10	0	0	10	10	10	10	10	10	10	10	10					
见习驯兽师		111	1	0	0						3	3	3	3	3	4	3	3	0	4	0	4	0	0	4	4	4	4	4	4	4	4	4					
驯兽师		112	1	5000	0	71					3	3	3	3	3	6	3	3	0	6	0	6	0	0	6	6	6	6	6	6	6	6	6	4				
王宫驯兽师		113	1	10000	0	71					4	4	4	4	4	8	4	4	0	8	0	8	0	0	8	8	8	8	8	8	8	8	8	6				
驯兽师范		114	1	20000	0	71					4	4	4	4	4	10	4	4	0	10	0	10	0	0	10	10	10	10	10	10	10	10	10	8				
驯兽大师		115	1	1000000	0						4	4	4	4	4	10	4	4	0	10	0	10	0	0	10	10	10	10	10	10	10	10	10					
伟大驯兽师		116	1	1000000	0						4	4	4	4	4	10	4	4	0	10	0	10	0	0	10	10	10	10	10	10	10	10	10					
黑暗驯兽师		117	1	1000000	0						4	4	4	4	4	10	4	4	0	10	0	10	0	0	10	10	10	10	10	10	10	10	10					
黑暗驯兽师2		118	1	2000000	0						4	4	4	4	4	10	4	4	0	10	0	10	0	0	10	10	10	10	10	10	10	10	10					
见习盗贼		121	1	0	0						3	3	3	3	3	4	3	3	0	4	0	4	0	0	4	4	4	4	4	4	4	4	4					
盗贼		122	1	5000	0	72					3	3	3	3	3	6	4	3	0	6	0	6	0	0	6	6	6	6	6	6	6	6	6	4				
小偷		123	1	10000	0	72					4	4	4	4	4	8	5	4	0	8	0	8	0	0	8	8	8	8	8	8	8	8	8	6				
诈欺师		124	1	20000	0	72					4	4	4	4	4	10	6	4	0	10	0	10	0	0	10	10	10	10	10	10	10	10	10	8				
偷窃高手		125	1	1000000	0						4	4	4	4	4	10	6	4	0	10	0	10	0	0	10	10	10	10	10	10	10	10	10					
盗贼王		126	1	1000000	0						4	4	4	4	4	10	6	4	0	10	0	10	0	0	10	10	10	10	10	10	10	10	10					
大头目		127	1	1000000	0						4	4	4	4	4	10	6	4	0	10	0	10	0	0	10	10	10	10	10	10	10	10	10					
大头目2		128	1	2000000	0						4	4	4	4	4	10	6	4	0	10	0	10	0	0	10	10	10	10	10	10	10	10	10					
见习巫师		131	1	0	0						0	0	0	4	0	0	3	0	0	4	0	3	4	0	4	4	4	4	4	4	4	4	4					
巫师		132	1	5000	0	64	67	65	66		0	0	0	6	0	0	3	0	0	6	0	3	6	0	6	6	6	6	6	6	6	6	6	4	4	4	4	
王宫巫师		133	1	10000	0	64	67	65	66		0	0	0	8	0	0	4	0	0	8	0	4	8	0	8	8	8	8	8	8	8	8	8	6	6	6	6	
巫术大师		134	1	20000	0	64	67	65	66		0	0	0	10	0	0	4	0	0	10	0	4	10	0	10	10	10	10	10	10	10	10	10	8	8	8	8	
巫王		135	1	1000000	0						0	0	0	10	0	0	4	0	0	10	0	4	10	0	10	10	10	10	10	10	10	10	10					
阿斯提亚神官		136	1	1000000	0						0	0	0	10	0	0	4	0	0	10	0	4	10	0	10	10	10	10	10	10	10	10	10					
哈贝鲁巫女		137	1	1000000	0						0	0	0	10	0	0	4	0	0	10	0	4	10	0	10	10	10	10	10	10	10	10	10					
哈贝鲁巫女2		138	1	2000000	0						0	0	0	10	0	0	4	0	0	10	0	4	10	0	10	10	10	10	10	10	10	10	10					
见习格斗士		141	1	0	0						0	0	0	0	0	0	0	0	0	4	0	4	0	0	4	4	4	4	4	4	4	4	4					
格斗士		142	1	5000	0	94					0	0	0	0	0	0	0	0	0	6	0	6	0	0	6	6	6	6	6	6	6	6	6	4				
格斗专家		143	1	10000	0	94					0	0	0	0	0	0	0	0	0	8	0	8	0	0	8	8	8	8	8	8	8	8	8	6				
格斗家师范		144	1	20000	0	94					0	0	0	0	0	0	0	0	0	10	0	10	0	0	10	10	10	10	10	10	10	10	10	8				
格斗王		145	1	1000000	0						0	0	0	0	0	0	0	0	0	10	0	10	0	0	10	10	10	10	10	10	10	10	10					
铁拳		146	1	1000000	0						0	0	0	0	0	0	0	0	0	10	0	10	0	0	10	10	10	10	10	10	10	10	10					
干架王		147	1	1000000	0						0	0	0	0	0	0	0	0	0	10	0	10	0	0	10	10	10	10	10	10	10	10	10					
干架王2		148	1	2000000	0						0	0	0	0	0	0	0	0	0	10	0	10	0	0	10	10	10	10	10	10	10	10	10					
初级忍者		151	1	0	0						2	2	2	0	2	4	4	0	0	0	0	0	0	0	0	4	4	4	4	4	4	4	4					
中级忍者		152	1	5000	0	96					4	4	4	0	4	6	6	0	0	0	0	0	0	0	0	6	6	6	6	6	6	6	6	4				
上级忍者		153	1	10000	0	96					6	6	6	0	6	8	8	0	0	0	0	0	0	0	0	8	8	8	8	8	8	8	8	6				
影		154	1	20000	0	96					8	8	8	0	8	10	10	0	0	0	0	0	0	0	0	10	10	10	10	10	10	10	10	8				
忍术大师		155	1	1000000	0						8	8	8	0	8	10	10	0	0	0	0	0	0	0	0	10	10	10	10	10	10	10	10					
暗杀者		156	1	1000000	0						8	8	8	0	8	10	10	0	0	0	0	0	0	0	0	10	10	10	10	10	10	10	10					
女忍者		157	1	1000000	0						8	8	8	0	8	10	10	0	0	0	0	0	0	0	0	10	10	10	10	10	10	10	10					
女忍者2		158	1	2000000	0						8	8	8	0	8	10	10	0	0	0	0	0	0	0	0	10	10	10	10	10	10	10	10					
见习舞者		161	1	0	0						3	3	3	3	3	3	4	3	0	4	0	4	0	0	4	4	4	4	4	4	4	4	4					
串场艺人		162	1	5000	0	98					3	3	3	3	3	4	6	3	0	6	0	6	0	0	6	6	6	6	6	6	6	6	6	4				
舞者		163	1	10000	0	98					4	4	4	4	4	5	8	4	0	8	0	8	0	0	8	8	8	8	8	8	8	8	8	6				
超级巨星		164	1	20000	0	98					4	4	4	4	4	6	10	4	0	10	0	10	0	0	10	10	10	10	10	10	10	10	10	8				
超级舞者		165	1	1000000	0						4	4	4	4	4	6	10	4	0	10	0	10	0	0	10	10	10	10	10	10	10	10	10					
超级舞者		166	1	1000000	0						4	4	4	4	4	6	10	4	0	10	0	10	0	0	10	10	10	10	10	10	10	10	10					
超级舞者		167	1	1000000	0						4	4	4	4	4	6	10	4	0	10	0	10	0	0	10	10	10	10	10	10	10	10	10					
超级舞者2		168	1	2000000	0						4	4	4	4	4	6	10	4	0	10	0	10	0	0	10	10	10	10	10	10	10	10	10					
见习圣骑士		171	1	0	0						3	3	4	0	3	3	3	4	4	3	4	3	0	4	3	4	4	4	4	4	4	4	4					
教团骑士		172	1	5000	0						3	3	6	0	3	3	3	6	6	3	6	3	0	6	3	6	6	6	6	6	6	6	6					
高阶教团骑士		173	1	10000	0						3	3	8	0	3	3	3	8	8	3	8	3	0	8	3	8	8	8	8	8	8	8	8					
圣光骑士		174	1	20000	0						3	3	10	0	3	3	3	10	10	3	10	3	0	10	3	10	10	10	10	10	10	10	10					
光明骑士		175	1	1000000	0						3	3	10	0	3	3	3	10	10	3	10	3	0	10	3	10	10	10	10	10	10	10	10					
大圣光圣骑		176	1	1000000	0						3	3	10	0	3	3	3	10	10	3	10	3	0	10	3	10	10	10	10	10	10	10	10					
大光明圣骑		177	1	1000000	0						3	3	10	0	3	3	3	10	10	3	10	3	0	10	3	10	10	10	10	10	10	10	10					
大光明圣骑2		178	1	2000000	0						3	3	10	0	3	3	3	10	10	3	10	3	0	10	3	10	10	10	10	10	10	10	10					
见习造剑师		201	2	0	0						4	2	2	2	2	2	2	2	2	2	2	2	2	2	2	4	4	4	4	4	4	4	4					
造剑师		202	2	5000	0	200					6	2	2	2	2	2	2	2	2	2	2	2	2	2	2	6	6	6	6	6	6	6	6	4				
资深造剑师		203	2	10000	0	200					8	3	3	3	3	3	3	3	3	3	3	3	3	3	3	8	8	8	8	8	8	8	8	6				
御用造剑师		204	2	20000	0	200					10	3	3	3	3	3	3	3	3	3	3	3	3	3	3	10	10	10	10	10	10	10	10	8				
造剑大师		205	2	1000000	0	200					10	3	3	3	3	3	3	3	3	3	3	3	3	3	3	10	10	10	10	10	10	10	10	10				
造剑圣手		206	2	1000000	0	200					10	3	3	3	3	3	3	3	3	3	3	3	3	3	3	10	10	10	10	10	10	10	10	10				
造剑仙人		207	2	1000000	0	200					10	3	3	3	3	3	3	3	3	3	3	3	3	3	3	10	10	10	10	10	10	10	10	10				
造剑仙人2		208	2	2000000	0	200					10	3	3	3	3	3	3	3	3	3	3	3	3	3	3	10	10	10	10	10	10	10	10	10				
见习造斧师		211	2	0	0						2	4	2	2	2	2	2	2	2	2	2	2	2	2	2	4	4	4	4	4	4	4	4					
造斧师		212	2	5000	400	201					2	6	2	2	2	2	2	2	2	2	2	2	2	2	2	6	6	6	6	6	6	6	6	4				
资深造斧师		213	2	10000	0	201					3	8	3	3	3	3	3	3	3	3	3	3	3	3	3	8	8	8	8	8	8	8	8	6				
御用造斧师		214	2	20000	0	201					3	10	3	3	3	3	3	3	3	3	3	3	3	3	3	10	10	10	10	10	10	10	10	8				
造斧大师		215	2	1000000	0	201					3	10	3	3	3	3	3	3	3	3	3	3	3	3	3	10	10	10	10	10	10	10	10	10				
造斧圣手		216	2	1000000	0	201					3	10	3	3	3	3	3	3	3	3	3	3	3	3	3	10	10	10	10	10	10	10	10	10				
造斧大仙		217	2	1000000	0	201					3	10	3	3	3	3	3	3	3	3	3	3	3	3	3	10	10	10	10	10	10	10	10	10				
造斧大仙2		218	2	2000000	0	201					3	10	3	3	3	3	3	3	3	3	3	3	3	3	3	10	10	10	10	10	10	10	10	10				
见习造枪师		221	2	0	0						2	2	4	2	2	2	2	2	2	2	2	2	2	2	2	4	4	4	4	4	4	4	4					
造枪师		222	2	5000	0	202					2	2	6	2	2	2	2	2	2	2	2	2	2	2	2	6	6	6	6	6	6	6	6	4				
资深造枪师		223	2	10000	0	202					3	3	8	3	3	3	3	3	3	3	3	3	3	3	3	8	8	8	8	8	8	8	8	6				
御用造枪师		224	2	20000	0	202					3	3	10	3	3	3	3	3	3	3	3	3	3	3	3	10	10	10	10	10	10	10	10	8				
造枪大师		225	2	1000000	0	202					3	3	10	3	3	3	3	3	3	3	3	3	3	3	3	10	10	10	10	10	10	10	10	10				
造枪圣手		226	2	1000000	0	202					3	3	10	3	3	3	3	3	3	3	3	3	3	3	3	10	10	10	10	10	10	10	10	10				
造枪大仙		227	2	1000000	0	202					3	3	10	3	3	3	3	3	3	3	3	3	3	3	3	10	10	10	10	10	10	10	10	10				
造枪大仙2		228	2	2000000	0	202					3	3	10	3	3	3	3	3	3	3	3	3	3	3	3	10	10	10	10	10	10	10	10	10				
见习造弓师		231	2	0	0						2	2	2	2	4	2	2	2	2	2	2	2	2	2	2	4	4	4	4	4	4	4	4					
造弓师		232	2	5000	0	203					2	2	2	2	6	2	2	2	2	2	2	2	2	2	2	6	6	6	6	6	6	6	6	4				
资深造弓师		233	2	10000	0	203					3	3	3	3	8	3	3	3	3	3	3	3	3	3	3	8	8	8	8	8	8	8	8	6				
御用造弓师		234	2	20000	0	203					3	3	3	3	10	3	3	3	3	3	3	3	3	3	3	10	10	10	10	10	10	10	10	8				
造弓大师		235	2	1000000	0	203					3	3	3	3	10	3	3	3	3	3	3	3	3	3	3	10	10	10	10	10	10	10	10	10				
造弓圣手		236	2	1000000	0	203					3	3	3	3	10	3	3	3	3	3	3	3	3	3	3	10	10	10	10	10	10	10	10	10				
造弓大仙		237	2	1000000	0	203					3	3	3	3	10	3	3	3	3	3	3	3	3	3	3	10	10	10	10	10	10	10	10	10				
造弓大仙2		238	2	2000000	0	203					3	3	3	3	10	3	3	3	3	3	3	3	3	3	3	10	10	10	10	10	10	10	10	10				
见习造杖师		241	2	0	0						2	2	2	4	2	2	2	2	2	2	2	2	2	2	2	4	4	4	4	4	4	4	4					
造杖师		242	2	5000	0	204					2	2	2	6	2	2	2	2	2	2	2	2	2	2	2	6	6	6	6	6	6	6	6	4				
资深造杖师		243	2	10000	0	204					3	3	3	8	3	3	3	3	3	3	3	3	3	3	3	8	8	8	8	8	8	8	8	6				
御用造杖师		244	2	20000	0	204					3	3	3	10	3	3	3	3	3	3	3	3	3	3	3	10	10	10	10	10	10	10	10	8				
造杖师大师		245	2	1000000	0	204					3	3	3	10	3	3	3	3	3	3	3	3	3	3	3	10	10	10	10	10	10	10	10	10				
造杖师圣手		246	2	1000000	0	204					3	3	3	10	3	3	3	3	3	3	3	3	3	3	3	10	10	10	10	10	10	10	10	10				
造杖师大仙		247	2	1000000	0	204					3	3	3	10	3	3	3	3	3	3	3	3	3	3	3	10	10	10	10	10	10	10	10	10				
造杖师大仙2		248	2	2000000	0	204					3	3	3	10	3	3	3	3	3	3	3	3	3	3	3	10	10	10	10	10	10	10	10	10				
见习造回力师		251	2	0	0						2	2	2	2	2	2	4	2	2	2	2	2	2	2	2	4	4	4	4	4	4	4	4					
造回力师		252	2	5000	0	205					2	2	2	2	2	2	6	2	2	2	2	2	2	2	2	6	6	6	6	6	6	6	6	4				
资深造回力师		253	2	10000	0	205					3	3	3	3	3	3	8	3	3	3	3	3	3	3	3	8	8	8	8	8	8	8	8	6				
御用造回力师		254	2	20000	0	205					3	3	3	3	3	3	10	3	3	3	3	3	3	3	3	10	10	10	10	10	10	10	10	8				
回力大师		255	2	1000000	0	205					3	3	3	3	3	3	10	3	3	3	3	3	3	3	3	10	10	10	10	10	10	10	10	10				
回力圣手		256	2	1000000	0	205					3	3	3	3	3	3	10	3	3	3	3	3	3	3	3	10	10	10	10	10	10	10	10	10				
回力大仙		257	2	1000000	0	205					3	3	3	3	3	3	10	3	3	3	3	3	3	3	3	10	10	10	10	10	10	10	10	10				
回力大仙2		258	2	2000000	0	205					3	3	3	3	3	3	10	3	3	3	3	3	3	3	3	10	10	10	10	10	10	10	10	10				
见习造小刀师		261	2	0	0						2	2	2	2	2	4	2	2	2	2	2	2	2	2	2	4	4	4	4	4	4	4	4					
造小刀师		262	2	5000	0	206					2	2	2	2	2	6	2	2	2	2	2	2	2	2	2	6	6	6	6	6	6	6	6	4				
资深造小刀师		263	2	10000	0	206					3	3	3	3	3	8	3	3	3	3	3	3	3	3	3	8	8	8	8	8	8	8	8	6				
御用造小刀师		264	2	20000	0	206					3	3	3	3	3	10	3	3	3	3	3	3	3	3	3	10	10	10	10	10	10	10	10	8				
小刀大师		265	2	1000000	0	206					3	3	3	3	3	10	3	3	3	3	3	3	3	3	3	10	10	10	10	10	10	10	10	10				
小刀圣手		266	2	1000000	0	206					3	3	3	3	3	10	3	3	3	3	3	3	3	3	3	10	10	10	10	10	10	10	10	10				
小刀大仙		267	2	1000000	0	206					3	3	3	3	3	10	3	3	3	3	3	3	3	3	3	10	10	10	10	10	10	10	10	10				
小刀大仙2		268	2	2000000	0	206					3	3	3	3	3	10	3	3	3	3	3	3	3	3	3	10	10	10	10	10	10	10	10	10				
见习造头盔		271	2	0	0						2	2	2	2	2	2	2	2	4	2	2	2	2	2	2	4	4	4	4	4	4	4	4					
造头盔师		272	2	5000	0	207					2	2	2	2	2	2	2	2	6	2	2	2	2	2	2	6	6	6	6	6	6	6	6	4				
资深造头盔师		273	2	10000	0	207					3	3	3	3	3	3	3	3	8	3	3	3	3	3	3	8	8	8	8	8	8	8	8	6				
御用造头盔师		274	2	20000	0	207					3	3	3	3	3	3	3	3	10	3	3	3	3	3	3	10	10	10	10	10	10	10	10	8				
造头盔大师		275	2	1000000	0	207					3	3	3	3	3	3	3	3	10	3	3	3	3	3	3	10	10	10	10	10	10	10	10	10				
造头盔圣手		276	2	1000000	0	207					3	3	3	3	3	3	3	3	10	3	3	3	3	3	3	10	10	10	10	10	10	10	10	10				
造头盔大仙		277	2	1000000	0	207					3	3	3	3	3	3	3	3	10	3	3	3	3	3	3	10	10	10	10	10	10	10	10	10				
造头盔大仙2		278	2	2000000	0	207					3	3	3	3	3	3	3	3	10	3	3	3	3	3	3	10	10	10	10	10	10	10	10	10				
见习造帽子师		281	2	0	0						2	2	2	2	2	2	2	2	2	4	2	2	2	2	2	4	4	4	4	4	4	4	4					
造帽子师		282	2	5000	0	208					2	2	2	2	2	2	2	2	2	6	2	2	2	2	2	6	6	6	6	6	6	6	6	4				
资深造帽子师		283	2	10000	0	208					3	3	3	3	3	3	3	3	3	8	3	3	3	3	3	8	8	8	8	8	8	8	8	6				
御用造帽子师		284	2	20000	0	208					3	3	3	3	3	3	3	3	3	10	3	3	3	3	3	10	10	10	10	10	10	10	10	8				
造帽子大师		285	2	1000000	0	208					3	3	3	3	3	3	3	3	3	10	3	3	3	3	3	10	10	10	10	10	10	10	10	10				
造帽子圣手		286	2	1000000	0	208					3	3	3	3	3	3	3	3	3	10	3	3	3	3	3	10	10	10	10	10	10	10	10	10				
造帽子大仙		287	2	1000000	0	208					3	3	3	3	3	3	3	3	3	10	3	3	3	3	3	10	10	10	10	10	10	10	10	10				
造帽子大仙2		288	2	2000000	0	208					3	3	3	3	3	3	3	3	3	10	3	3	3	3	3	10	10	10	10	10	10	10	10	10				
见习造铠师		291	2	0	0						2	2	2	2	2	2	2	2	2	2	4	2	2	2	2	4	4	4	4	4	4	4	4					
造铠师		292	2	5000	0	209					2	2	2	2	2	2	2	2	2	2	6	2	2	2	2	6	6	6	6	6	6	6	6	4				
资深造铠师		293	2	10000	0	209					3	3	3	3	3	3	3	3	3	3	8	3	3	3	3	8	8	8	8	8	8	8	8	6				
御用造铠师		294	2	20000	0	209					3	3	3	3	3	3	3	3	3	3	10	3	3	3	3	10	10	10	10	10	10	10	10	8				
造铠大师		295	2	1000000	0	209					3	3	3	3	3	3	3	3	3	3	10	3	3	3	3	10	10	10	10	10	10	10	10	10				
造铠圣手		296	2	1000000	0	209					3	3	3	3	3	3	3	3	3	3	10	3	3	3	3	10	10	10	10	10	10	10	10	10				
造铠大仙		297	2	1000000	0	209					3	3	3	3	3	3	3	3	3	3	10	3	3	3	3	10	10	10	10	10	10	10	10	10				
造铠大仙2		298	2	2000000	0	209					3	3	3	3	3	3	3	3	3	3	10	3	3	3	3	10	10	10	10	10	10	10	10	10				
见习造衣服师		301	2	0	0						2	2	2	2	2	2	2	2	2	2	2	4	2	2	2	4	4	4	4	4	4	4	4					
造衣服师		302	2	5000	0	210					2	2	2	2	2	2	2	2	2	2	2	6	2	2	2	6	6	6	6	6	6	6	6	4				
资深造衣服师		303	2	10000	0	210					3	3	3	3	3	3	3	3	3	3	3	8	3	3	3	8	8	8	8	8	8	8	8	6				
御用造衣服师		304	2	20000	0	210					3	3	3	3	3	3	3	3	3	3	3	10	3	3	3	10	10	10	10	10	10	10	10	8				
造衣服大师		305	2	1000000	0	210					3	3	3	3	3	3	3	3	3	3	3	10	3	3	3	10	10	10	10	10	10	10	10	10				
造衣服圣手		306	2	1000000	0	210					3	3	3	3	3	3	3	3	3	3	3	10	3	3	3	10	10	10	10	10	10	10	10	10				
造衣服大仙		307	2	1000000	0	210					3	3	3	3	3	3	3	3	3	3	3	10	3	3	3	10	10	10	10	10	10	10	10	10				
造衣服大仙2		308	2	2000000	0	210					3	3	3	3	3	3	3	3	3	3	3	10	3	3	3	10	10	10	10	10	10	10	10	10				
见习造袍师		311	2	0	0						2	2	2	2	2	2	2	2	2	2	2	2	4	2	2	4	4	4	4	4	4	4	4					
造袍师		312	2	5000	0	211					2	2	2	2	2	2	2	2	2	2	2	2	6	2	2	6	6	6	6	6	6	6	6	4				
资深造袍师		313	2	10000	0	211					3	3	3	3	3	3	3	3	3	3	3	3	8	3	3	8	8	8	8	8	8	8	8	6				
御用造袍师		314	2	20000	0	211					3	3	3	3	3	3	3	3	3	3	3	3	10	3	3	10	10	10	10	10	10	10	10	8				
造袍大师		315	2	1000000	0	211					3	3	3	3	3	3	3	3	3	3	3	3	10	3	3	10	10	10	10	10	10	10	10	10				
造袍圣手		316	2	1000000	0	211					3	3	3	3	3	3	3	3	3	3	3	3	10	3	3	10	10	10	10	10	10	10	10	10				
造袍大仙		317	2	1000000	0	211					3	3	3	3	3	3	3	3	3	3	3	3	10	3	3	10	10	10	10	10	10	10	10	10				
造袍大仙2		318	2	2000000	0	211					3	3	3	3	3	3	3	3	3	3	3	3	10	3	3	10	10	10	10	10	10	10	10	10				
见习造靴师		321	2	0	0						2	2	2	2	2	2	2	2	2	2	2	2	2	4	2	4	4	4	4	4	4	4	4					
造靴师		322	2	5000	0	212					2	2	2	2	2	2	2	2	2	2	2	2	2	6	2	6	6	6	6	6	6	6	6	4				
资深造靴师		323	2	10000	0	212					3	3	3	3	3	3	3	3	3	3	3	3	3	8	3	8	8	8	8	8	8	8	8	6				
御用造靴师		324	2	20000	0	212					3	3	3	3	3	3	3	3	3	3	3	3	3	10	3	10	10	10	10	10	10	10	10	8				
造靴大师		325	2	1000000	0	212					3	3	3	3	3	3	3	3	3	3	3	3	3	10	3	10	10	10	10	10	10	10	10	10				
造靴圣手		326	2	1000000	0	212					3	3	3	3	3	3	3	3	3	3	3	3	3	10	3	10	10	10	10	10	10	10	10	10				
造靴大仙		327	2	1000000	0	212					3	3	3	3	3	3	3	3	3	3	3	3	3	10	3	10	10	10	10	10	10	10	10	10				
造靴大仙2		328	2	2000000	0	212					3	3	3	3	3	3	3	3	3	3	3	3	3	10	3	10	10	10	10	10	10	10	10	10				
见习造鞋子师		331	2	0	0						2	2	2	2	2	2	2	2	2	2	2	2	2	2	4	4	4	4	4	4	4	4	4					
造鞋子师		332	2	5000	0	213					2	2	2	2	2	2	2	2	2	2	2	2	2	2	6	6	6	6	6	6	6	6	6	4				
资深造鞋子师		333	2	10000	0	213					3	3	3	3	3	3	3	3	3	3	3	3	3	3	8	8	8	8	8	8	8	8	8	6				
御用造鞋子师		334	2	20000	0	213					3	3	3	3	3	3	3	3	3	3	3	3	3	3	10	10	10	10	10	10	10	10	10	8				
造鞋子大师		335	2	1000000	0	213					3	3	3	3	3	3	3	3	3	3	3	3	3	3	10	10	10	10	10	10	10	10	10	10				
造鞋子圣手		336	2	1000000	0	213					3	3	3	3	3	3	3	3	3	3	3	3	3	3	10	10	10	10	10	10	10	10	10	10				
造鞋子大仙		337	2	1000000	0	213					3	3	3	3	3	3	3	3	3	3	3	3	3	3	10	10	10	10	10	10	10	10	10	10				
造鞋子大仙2		338	2	2000000	0	213					3	3	3	3	3	3	3	3	3	3	3	3	3	3	10	10	10	10	10	10	10	10	10	10				
见习造盾师		341	2	0	0						2	2	2	2	2	2	2	4	2	2	2	2	2	2	2	4	4	4	4	4	4	4	4					
造盾师		342	2	5000	0	214					2	2	2	2	2	2	2	6	2	2	2	2	2	2	2	6	6	6	6	6	6	6	6	4				
资深造盾师		343	2	10000	0	214					3	3	3	3	3	3	3	8	3	3	3	3	3	3	3	8	8	8	8	8	8	8	8	6				
御用造盾师		344	2	20000	0	214					3	3	3	3	3	3	3	10	3	3	3	3	3	3	3	10	10	10	10	10	10	10	10	8				
造盾大师		345	2	1000000	0	214					3	3	3	3	3	3	3	10	3	3	3	3	3	3	3	10	10	10	10	10	10	10	10	10				
造盾圣手		346	2	1000000	0	214					3	3	3	3	3	3	3	10	3	3	3	3	3	3	3	10	10	10	10	10	10	10	10	10				
造盾大仙		347	2	1000000	0	214					3	3	3	3	3	3	3	10	3	3	3	3	3	3	3	10	10	10	10	10	10	10	10	10				
造盾大仙2		348	2	2000000	0	214					3	3	3	3	3	3	3	10	3	3	3	3	3	3	3	10	10	10	10	10	10	10	10	10				
见习厨师		351	2	0	0						2	2	2	2	2	2	2	2	2	2	2	2	2	2	2	4	4	4	4	4	4	4	4					
厨师		352	2	5000	0	215					2	2	2	2	2	2	2	2	2	2	2	2	2	2	2	6	6	6	6	6	6	6	6	4				
资深厨师		353	2	10000	0	215					3	3	3	3	3	3	3	3	3	3	3	3	3	3	3	8	8	8	8	8	8	8	8	6				
御用厨师		354	2	20000	0	215					3	3	3	3	3	3	3	3	3	3	3	3	3	3	3	10	10	10	10	10	10	10	10	8				
大厨师		355	2	1000000	0	215					3	3	3	3	3	3	3	3	3	3	3	3	3	3	3	10	10	10	10	10	10	10	10	10				
食神		356	2	1000000	0	215					3	3	3	3	3	3	3	3	3	3	3	3	3	3	3	10	10	10	10	10	10	10	10	10				
料理大王		357	2	1000000	0	215					3	3	3	3	3	3	3	3	3	3	3	3	3	3	3	10	10	10	10	10	10	10	10	10				
料理大王2		358	2	2000000	0	215					3	3	3	3	3	3	3	3	3	3	3	3	3	3	3	10	10	10	10	10	10	10	10	10				
见习药剂师		361	2	0	0						2	2	2	2	2	2	2	2	2	2	2	2	2	2	2	4	4	4	4	4	4	4	4					
药剂师		362	2	5000	0	216					2	2	2	2	2	2	2	2	2	2	2	2	2	2	2	6	6	6	6	6	6	6	6	4				
资深药剂师		363	2	10000	0	216					3	3	3	3	3	3	3	3	3	3	3	3	3	3	3	8	8	8	8	8	8	8	8	6				
御用药剂师		364	2	20000	0	216					3	3	3	3	3	3	3	3	3	3	3	3	3	3	3	10	10	10	10	10	10	10	10	8				
大药师		365	2	1000000	0	216					3	3	3	3	3	3	3	3	3	3	3	3	3	3	3	10	10	10	10	10	10	10	10	10				
药神		366	2	1000000	0	216					3	3	3	3	3	3	3	3	3	3	3	3	3	3	3	10	10	10	10	10	10	10	10	10				
药仙		367	2	1000000	0	216					3	3	3	3	3	3	3	3	3	3	3	3	3	3	3	10	10	10	10	10	10	10	10	10				
药仙2		368	2	2000000	0	216					3	3	3	3	3	3	3	3	3	3	3	3	3	3	3	10	10	10	10	10	10	10	10	10				
见习武器修理师		371	2	0	0						2	2	2	2	2	2	2	2	2	2	2	2	2	2	2	4	4	4	4	4	4	4	4					
武器修理师		372	2	5000	0	217					2	2	2	2	2	2	2	2	2	2	2	2	2	2	2	6	6	6	6	6	6	6	6	4				
资深武器修理师		373	2	10000	0	217					3	3	3	3	3	3	3	3	3	3	3	3	3	3	3	8	8	8	8	8	8	8	8	6				
御用武器修理师		374	2	20000	0	217					3	3	3	3	3	3	3	3	3	3	3	3	3	3	3	10	10	10	10	10	10	10	10	8				
大武器修理师		375	2	1000000	0	217					3	3	3	3	3	3	3	3	3	3	3	3	3	3	3	10	10	10	10	10	10	10	10	10				
武器修理高人		376	2	1000000	0	217					3	3	3	3	3	3	3	3	3	3	3	3	3	3	3	10	10	10	10	10	10	10	10	10				
武器修理圣手		377	2	1000000	0	217					3	3	3	3	3	3	3	3	3	3	3	3	3	3	3	10	10	10	10	10	10	10	10	10				
武器修理圣手2		378	2	2000000	0	217					3	3	3	3	3	3	3	3	3	3	3	3	3	3	3	10	10	10	10	10	10	10	10	10				
见习防具修理师		381	2	0	0						2	2	2	2	2	2	2	2	2	2	2	2	2	2	2	4	4	4	4	4	4	4	4					
防具修理师傍		382	2	5000	0	218					2	2	2	2	2	2	2	2	2	2	2	2	2	2	2	6	6	6	6	6	6	6	6	4				
资深防具修理师		383	2	10000	0	218					3	3	3	3	3	3	3	3	3	3	3	3	3	3	3	8	8	8	8	8	8	8	8	6				
御用防具修理师		384	2	20000	0	218					3	3	3	3	3	3	3	3	3	3	3	3	3	3	3	10	10	10	10	10	10	10	10	8				
大防具修理师		385	2	1000000	0	218					3	3	3	3	3	3	3	3	3	3	3	3	3	3	3	10	10	10	10	10	10	10	10	10				
防具修理高人		386	2	1000000	0	218					3	3	3	3	3	3	3	3	3	3	3	3	3	3	3	10	10	10	10	10	10	10	10	10				
防具修理圣手		387	2	1000000	0	218					3	3	3	3	3	3	3	3	3	3	3	3	3	3	3	10	10	10	10	10	10	10	10	10				
防具修理圣手2		388	2	2000000	0	218					3	3	3	3	3	3	3	3	3	3	3	3	3	3	3	10	10	10	10	10	10	10	10	10				
见习鉴定师		391	2	0	0						2	2	2	2	2	2	2	2	2	2	2	2	2	2	2	4	4	4	4	4	4	4	4					
鉴定师		392	2	5000	0	219					2	2	2	2	2	2	2	2	2	2	2	2	2	2	2	6	6	6	6	6	6	6	6	4				
资深鉴定师		393	2	10000	0	219					3	3	3	3	3	3	3	3	3	3	3	3	3	3	3	8	8	8	8	8	8	8	8	6				
御用鉴定师		394	2	20000	0	219					3	3	3	3	3	3	3	3	3	3	3	3	3	3	3	10	10	10	10	10	10	10	10	8				
鉴定大师		395	2	1000000	0	219					3	3	3	3	3	3	3	3	3	3	3	3	3	3	3	10	10	10	10	10	10	10	10	10				
高级鉴定师		396	2	1000000	0	219					3	3	3	3	3	3	3	3	3	3	3	3	3	3	3	10	10	10	10	10	10	10	10	10				
鉴定始祖		397	2	1000000	0	219					3	3	3	3	3	3	3	3	3	3	3	3	3	3	3	10	10	10	10	10	10	10	10	10				
鉴定始祖2		398	2	2000000	0	219					3	3	3	3	3	3	3	3	3	3	3	3	3	3	3	10	10	10	10	10	10	10	10	10				
见习未知		401	2	0	0						2	2	2	2	2	2	2	2	2	2	2	2	2	2	2	4	4	4	4	4	4	4	4					
未知		402	2	5000	0	220					2	2	2	2	2	2	2	2	2	2	2	2	2	2	2	6	6	6	6	6	6	6	6	4				
资深未知		403	2	10000	0	220					3	3	3	3	3	3	3	3	3	3	3	3	3	3	3	8	8	8	8	8	8	8	8	6				
御用未知		404	2	20000	0	220					3	3	3	3	3	3	3	3	3	3	3	3	3	3	3	10	10	10	10	10	10	10	10	8				
未知		405	2	1000000	0	220					3	3	3	3	3	3	3	3	3	3	3	3	3	3	3	10	10	10	10	10	10	10	10	10				
未知		406	2	1000000	0	220					3	3	3	3	3	3	3	3	3	3	3	3	3	3	3	10	10	10	10	10	10	10	10	10				
未知		407	2	1000000	0	220					3	3	3	3	3	3	3	3	3	3	3	3	3	3	3	10	10	10	10	10	10	10	10	10				
未知2		408	2	2000000	0	220					3	3	3	3	3	3	3	3	3	3	3	3	3	3	3	10	10	10	10	10	10	10	10	10				
见习侦探		411	2	0	0						2	2	2	2	2	2	2	2	2	2	2	2	2	2	2	4	4	4	4	4	4	4	4					
侦探		412	2	5000	0	221					2	2	2	2	2	2	2	2	2	2	2	2	2	2	2	6	6	6	6	6	6	6	6	4				
资深侦探		413	2	10000	0	221					3	3	3	3	3	3	3	3	3	3	3	3	3	3	3	8	8	8	8	8	8	8	8	6				
御用侦探		414	2	20000	0	221					3	3	3	3	3	3	3	3	3	3	3	3	3	3	3	10	10	10	10	10	10	10	10	8				
大侦探		415	2	1000000	0	221					3	3	3	3	3	3	3	3	3	3	3	3	3	3	3	10	10	10	10	10	10	10	10	10				
名侦探		416	2	1000000	0	221					3	3	3	3	3	3	3	3	3	3	3	3	3	3	3	10	10	10	10	10	10	10	10	10				
神侦探		417	2	1000000	0	221					3	3	3	3	3	3	3	3	3	3	3	3	3	3	3	10	10	10	10	10	10	10	10	10				
神侦探2		418	2	2000000	0	221					3	3	3	3	3	3	3	3	3	3	3	3	3	3	3	10	10	10	10	10	10	10	10	10				
见习道童		421	2	0	0						2	2	2	2	2	2	2	2	2	2	2	2	2	2	2	4	4	4	4	4	4	4	4					
道童		422	2	5000	0	222					2	2	2	2	2	2	2	2	2	2	2	2	2	2	2	6	6	6	6	6	6	6	6	4				
仙人学徒		423	2	10000	0	222					3	3	3	3	3	3	3	3	3	3	3	3	3	3	3	8	8	8	8	8	8	8	8	6				
仙人		424	2	20000	0	222					3	3	3	3	3	3	3	3	3	3	3	3	3	3	3	10	10	10	10	10	10	10	10	8				
神仙		425	2	1000000	0	222					3	3	3	3	3	3	3	3	3	3	3	3	3	3	3	10	10	10	10	10	10	10	10	10				
大仙		426	2	1000000	0	222					3	3	3	3	3	3	3	3	3	3	3	3	3	3	3	10	10	10	10	10	10	10	10	10				
上仙		427	2	1000000	0	222					3	3	3	3	3	3	3	3	3	3	3	3	3	3	3	10	10	10	10	10	10	10	10	10				
上仙2		428	2	2000000	0	222					3	3	3	3	3	3	3	3	3	3	3	3	3	3	3	10	10	10	10	10	10	10	10	10				
见习护士		431	2	0	0						2	2	2	2	2	3	4	0	0	4	0	4	2	0	4	4	4	4	4	4	4	4	4					
护士		432	2	5000	0	223					2	2	2	2	2	4	6	1	0	6	0	6	2	0	6	6	6	6	6	6	6	6	6	4				
资深护士		433	2	10000	0	223					3	3	3	3	3	5	8	2	0	8	0	8	3	0	8	8	8	8	8	8	8	8	8	6				
护士长		434	2	20000	0	223					3	3	3	3	3	6	10	3	0	10	0	10	3	0	10	10	10	10	10	10	10	10	10	8				
大护士		435	2	1000000	0	223					3	3	3	3	3	6	10	3	0	10	0	10	3	0	10	10	10	10	10	10	10	10	10	10				
大护士长		436	2	1000000	0	223					3	3	3	3	3	6	10	3	0	10	0	10	3	0	10	10	10	10	10	10	10	10	10	10				
著名护士		437	2	1000000	0	223					3	3	3	3	3	6	10	3	0	10	0	10	3	0	10	10	10	10	10	10	10	10	10	10				
著名护士2		438	2	2000000	0	223					3	3	3	3	3	6	10	3	0	10	0	10	3	0	10	10	10	10	10	10	10	10	10	10				
见习医师		441	2	0	0						2	2	2	2	2	4	3	0	0	4	0	4	2	0	4	4	4	4	4	4	4	4	4					
医师		442	2	5000	0	224					2	2	2	2	2	6	4	1	0	6	0	6	2	0	6	6	6	6	6	6	6	6	6	4				
资深医师		443	2	10000	0	224					3	3	3	3	3	8	5	2	0	8	0	8	3	0	8	8	8	8	8	8	8	8	8	6				
御用医师		444	2	20000	0	224					3	3	3	3	3	10	6	3	0	10	0	10	3	0	10	10	10	10	10	10	10	10	10	8				
大医师		445	2	1000000	0	224					3	3	3	3	3	10	6	3	0	10	0	10	3	0	10	10	10	10	10	10	10	10	10	10				
神医师		446	2	1000000	0	224					3	3	3	3	3	10	6	3	0	10	0	10	3	0	10	10	10	10	10	10	10	10	10	10				
名医师		447	2	1000000	0	224					3	3	3	3	3	10	6	3	0	10	0	10	3	0	10	10	10	10	10	10	10	10	10	10				
名医师2		448	2	2000000	0	224					3	3	3	3	3	10	6	3	0	10	0	10	3	0	10	10	10	10	10	10	10	10	10	10				
见习伐木工		451	2	0	0						2	2	2	2	2	2	2	2	2	2	2	2	2	2	2	4	4	4	4	4	4	4	4					
伐木工		452	2	5000	0	225					2	2	2	2	2	2	2	2	2	2	2	2	2	2	2	6	6	6	6	6	6	6	6	4				
资深伐木工		453	2	10000	0	225					3	3	3	3	3	3	3	3	3	3	3	3	3	3	3	8	8	8	8	8	8	8	8	6				
御用伐木工		454	2	20000	0	225					3	3	3	3	3	3	3	3	3	3	3	3	3	3	3	10	10	10	10	10	10	10	10	8				
高级伐木工		455	2	1000000	0	225					3	3	3	3	3	3	3	3	3	3	3	3	3	3	3	10	10	10	10	10	10	10	10	10				
老练伐木工		456	2	1000000	0	225					3	3	3	3	3	3	3	3	3	3	3	3	3	3	3	10	10	10	10	10	10	10	10	10				
无敌伐木工		457	2	1000000	0	225					3	3	3	3	3	3	3	3	3	3	3	3	3	3	3	10	10	10	10	10	10	10	10	10				
无敌伐木工2		458	2	2000000	0	225					3	3	3	3	3	3	3	3	3	3	3	3	3	3	3	10	10	10	10	10	10	10	10	10				
见习猎人		461	2	0	0						2	2	2	2	2	2	2	2	2	2	2	2	2	2	2	4	4	4	4	4	4	4	4					
猎人		462	2	5000	0	226					2	2	2	2	2	2	2	2	2	2	2	2	2	2	2	6	6	6	6	6	6	6	6	4				
资深猎人		463	2	10000	0	226					3	3	3	3	3	3	3	3	3	3	3	3	3	3	3	8	8	8	8	8	8	8	8	6				
御用猎人		464	2	20000	0	226					3	3	3	3	3	3	3	3	3	3	3	3	3	3	3	10	10	10	10	10	10	10	10	8				
打猎高手		465	2	1000000	0	226					3	3	3	3	3	3	3	3	3	3	3	3	3	3	3	10	10	10	10	10	10	10	10	10				
猎物克星		466	2	1000000	0	226					3	3	3	3	3	3	3	3	3	3	3	3	3	3	3	10	10	10	10	10	10	10	10	10				
猎神		467	2	1000000	0	226					3	3	3	3	3	3	3	3	3	3	3	3	3	3	3	10	10	10	10	10	10	10	10	10				
猎神2		468	2	2000000	0	226					3	3	3	3	3	3	3	3	3	3	3	3	3	3	3	10	10	10	10	10	10	10	10	10				
见习矿工		471	2	0	0						2	2	2	2	2	2	2	2	2	2	2	2	2	2	2	4	4	4	4	4	4	4	4					
矿工		472	2	5000	0	227					2	2	2	2	2	2	2	2	2	2	2	2	2	2	2	6	6	6	6	6	6	6	6	4				
资深矿工		473	2	10000	0	227					3	3	3	3	3	3	3	3	3	3	3	3	3	3	3	8	8	8	8	8	8	8	8	6				
御用矿工		474	2	20000	0	227					3	3	3	3	3	3	3	3	3	3	3	3	3	3	3	10	10	10	10	10	10	10	10	8				
高级矿工		475	2	1000000	0	227					3	3	3	3	3	3	3	3	3	3	3	3	3	3	3	10	10	10	10	10	10	10	10	10				
矿王		476	2	1000000	0	227					3	3	3	3	3	3	3	3	3	3	3	3	3	3	3	10	10	10	10	10	10	10	10	10				
矿神		477	2	1000000	0	227					3	3	3	3	3	3	3	3	3	3	3	3	3	3	3	10	10	10	10	10	10	10	10	10				
矿神2		478	2	2000000	0	227					3	3	3	3	3	3	3	3	3	3	3	3	3	3	3	10	10	10	10	10	10	10	10	10				
见习炸弹师		481	2	0	0					3	3	3	3	3	3	3	3	3	3	3	3	3	3	3	4	4	4	4	4	4	4	4	4										
炸弹师		482	2	5000	0	1012	1013					4	4	4	4	4	4	4	4	4	4	4	4	4	6	6	6	6	6	6	6	6	6	6														
资深炸弹师		483	2	10000	0	1012	1013					4	4	4	4	4	4	4	4	4	4	4	4	4	4	4	8	8	8	8	8	8	8	8	8						
御用炸弹师		484	2	20000	0	1012	1013					5	5	5	5	5	5	5	4	4	5	4	5	5	4	5	10	10	10	10	10	10	10	10	10			
炸弹专家		485	2	1000000	0	1012	1013					6	6	6	6	6	6	6	5	5	6	5	6	6	5	6	10	10	10	10	10	10	10	10	10			
炸弹超人		486	2	1000000	0	1012	1013					6	6	6	6	6	6	6	6	6	6	6	6	6	6	6	10	10	10	10	10	10	10	10	10			
本・拉登		487	2	1000000	0	1012	1013					7	7	7	7	7	7	7	7	7	7	7	7	7	7	7		10	10	10	10	10	10	10	10			
本・拉等2		488	2	2000000	0	1012	1013					7	7	7	7	7	7	7	7	7	7	7	7	7	7	7		10	10	10	10	10	10	10	10			
见习炸弹师		481	2	0	0					3	3	3	3	3	3	3	3	3	3	3	3	3	3	3	4	4	4	4	4	4	4	4	4										
万物创造者		701	1	300	0					8	8	8	8	8	8	8	8	8	8	8	8	8	8	3	8	8	8	8	8	8	8	8						
管理员		691	1	1000001	1						11	11	11	11	11	11	11	11	11	11	11	11	11	11	11	11	11	11	11	11	11	11	11								
