#0 这行貌似都是体验技能，不能升级的 例如 挖矿体验，伐木体验，制作体验，狩猎体验
0	0	200	500	900	1400	2000	2700	3500	4400	5400
#1 这行是 普通技能 貌似攻击 防御什么的
1	0	200	500	900	1400	2000	2700	3500	4400	5400
#2 这行是 技能经验值(此为正常技能经验)
2	0	360	1440	3960	9000	16560	26640	36720	49320	64440
#3 这行是 特殊技能经验值(正常上限的50%经验)洁净、气绝、大地的祈祷、海洋的祈祷、火焰的祈祷、云群的祈祷、窃盗
3	0	180	720	1980	4500	8280	13320	18360	24660	32220
#4 这行是 特殊技能经验值(正常上限的75%经验)属性反转、攻击反弹、魔法反弹、攻击吸收、魔法吸收、攻击无效、魔法无
4	0	270	1080	2970	6750	12420	19980	27540	36990	48330
#5 这行是 变身、变装技能升级所需经验值
5	0	100	400	1100	2500	4600	7400	10200	13700	17900
#6 这行是 舞蹈技能升级所需经验值
6	0	90	360	990	2250	4140	6660	9180	12330	16110
